1495621397.1245 -7.5192 -3.5183 2.0000
1495621397.1245 -7.5192 -1.5183 -1.0000
1495621397.1245 -7.5192 -0.5183 -1.0000
1495621397.1245 -6.5192 -2.5183 2.0000
1495621397.1245 -6.5192 -0.5183 -1.0000
1495621397.1245 -6.5192 0.4817 -1.0000
1495621397.1245 -5.5192 -2.5183 2.0000
1495621397.1245 -5.5192 -1.5183 2.0000
1495621397.1245 -4.5192 -0.5183 2.0000
1495621397.1245 -3.5192 -1.5183 -1.0000
1495621397.1245 -3.5192 0.4817 -1.0000
1495621397.1245 -1.5192 -1.5183 2.0000
1495621397.1245 -1.5192 -0.5183 2.0000
1495621397.1245 -1.5192 0.4817 2.0000
1495621397.1245 -0.5192 -1.5183 2.0000
1495621397.1245 -0.5192 -0.5183 2.0000
1495621397.1245 -0.5192 0.4817 -1.0000
1495621397.1245 0.4808 -1.5183 2.0000
1495621397.1245 0.4808 -0.5183 2.0000
1495621397.1245 0.4808 0.4817 2.0000
1495621397.1245 0.4808 1.4817 2.0000
1495621397.1245 0.4808 2.4817 2.0000
1495621397.1245 0.4808 3.4817 2.0000
1495621397.1245 0.4808 4.4817 2.0000
1495621397.1245 0.4808 5.4817 2.0000
1495621397.1245 0.4808 6.4817 2.0000
1495621397.1245 0.4808 7.4817 2.0000
1495621397.1245 0.4808 8.4817 2.0000
1495621397.1245 0.4808 9.4817 2.0000
1495621397.1245 1.4808 -1.5183 2.0000
1495621397.1245 1.4808 -0.5183 2.0000
1495621397.1245 1.4808 0.4817 2.0000
1495621397.1245 1.4808 1.4817 2.0000
1495621397.1245 1.4808 2.4817 2.0000
1495621397.1245 1.4808 3.4817 2.0000
1495621397.1245 1.4808 4.4817 2.0000
1495621397.1245 1.4808 5.4817 2.0000
1495621397.1245 1.4808 7.4817 2.0000
1495621397.1245 1.4808 8.4817 2.0000
1495621397.1245 1.4808 9.4817 2.0000
1495621397.1245 1.4808 10.4817 2.0000
1495621397.1245 1.4808 11.4817 2.0000
1495621397.1245 1.4808 12.4817 2.0000
1495621397.1245 1.4808 13.4817 2.0000
1495621397.1245 2.4808 -1.5183 2.0000
1495621397.1245 2.4808 -0.5183 2.0000
1495621397.1245 2.4808 4.4817 2.0000
1495621397.1245 3.4808 -3.5183 2.0000
1495621397.1245 3.4808 -1.5183 2.0000
1495621397.1245 3.4808 -0.5183 2.0000
1495621397.1245 3.4808 0.4817 -1.0000
1495621397.1245 4.4808 -4.5183 2.0000
1495621397.1245 4.4808 -3.5183 2.0000
1495621397.1245 4.4808 -2.5183 -1.0000
1495621397.1245 4.4808 -1.5183 2.0000
1495621397.1245 4.4808 -0.5183 2.0000
1495621397.1245 4.4808 0.4817 -1.0000
1495621397.1245 5.4808 -1.5183 2.0000
1495621397.1245 5.4808 -0.5183 2.0000
1495621397.1245 5.4808 0.4817 -1.0000
1495621397.1245 6.4808 -1.5183 2.0000
1495621397.1245 6.4808 -0.5183 2.0000
1495621397.1245 7.4808 -2.5183 2.0000
1495621397.1245 7.4808 -1.5183 2.0000
1495621397.1245 7.4808 -0.5183 2.0000
1495621397.1245 8.4808 -3.5183 2.0000
1495621397.1245 8.4808 -2.5183 2.0000
1495621397.1245 8.4808 -1.5183 2.0000
1495621397.1245 8.4808 0.4817 -1.0000
1495621397.1245 9.4808 -3.5183 2.0000
1495621397.1245 9.4808 -0.5183 -1.0000
1495621397.1245 9.4808 0.4817 -1.0000
1495621397.1245 10.4808 -0.5183 -1.0000
1495621397.1245 10.4808 0.4817 -1.0000
1495621397.1245 11.4808 -0.5183 -1.0000
1495621397.1245 11.4808 0.4817 -1.0000
1495621397.1245 12.4808 -0.5183 -1.0000
1495621397.1245 12.4808 0.4817 -1.0000
1495621397.1245 13.4808 -0.5183 -1.0000
1495621397.1245 13.4808 0.4817 -1.0000
1495621397.1245 14.4808 -3.5183 2.0000
1495621397.1245 14.4808 -2.5183 2.0000
1495621397.1245 14.4808 -1.5183 2.0000
1495621397.1245 14.4808 -0.5183 -1.0000
1495621397.1245 14.4808 0.4817 -1.0000
1495621397.1245 15.4808 -2.5183 2.0000
1495621397.1245 15.4808 -0.5183 -1.0000
1495621397.1245 15.4808 0.4817 -1.0000
1495621397.1245 16.4808 -3.5183 2.0000
1495621397.1245 16.4808 -2.5183 2.0000
1495621397.1245 16.4808 -0.5183 -1.0000
1495621397.1245 17.4808 -3.5183 2.0000
1495621397.1245 17.4808 -0.5183 -1.0000
1495621397.1245 18.4808 -0.5183 -1.0000
1495621397.1245 18.4808 2.4817 2.0000
1495621397.1245 19.4808 -2.5183 2.0000
1495621397.1245 19.4808 -0.5183 -1.0000
1495621397.1245 20.4808 -1.5183 -1.0000
1495621397.1245 20.4808 -0.5183 -1.0000
1495621397.1245 21.4808 -0.5183 -1.0000
1495624997.1245 -7.5192 -1.5183 -1.0000
1495624997.1245 -7.5192 -0.5183 -1.0000
1495624997.1245 -7.5192 0.4817 -1.0000
1495624997.1245 -7.5192 1.4817 2.0000
1495624997.1245 -6.5192 -1.5183 -1.0000
1495624997.1245 -6.5192 -0.5183 -1.0000
1495624997.1245 -6.5192 0.4817 -1.0000
1495624997.1245 -5.5192 -1.5183 2.0000
1495624997.1245 -5.5192 -0.5183 2.0000
1495624997.1245 -5.5192 0.4817 -1.0000
1495624997.1245 -5.5192 1.4817 2.0000
1495624997.1245 -4.5192 -2.5183 -1.0000
1495624997.1245 -4.5192 -1.5183 -1.0000
1495624997.1245 -4.5192 -0.5183 -1.0000
1495624997.1245 -4.5192 0.4817 -1.0000
1495624997.1245 -3.5192 -2.5183 -1.0000
1495624997.1245 -3.5192 -1.5183 -1.0000
1495624997.1245 -3.5192 -0.5183 -1.0000
1495624997.1245 -3.5192 0.4817 -1.0000
1495624997.1245 -2.5192 -2.5183 -1.0000
1495624997.1245 -2.5192 -1.5183 -1.0000
1495624997.1245 -2.5192 -0.5183 -1.0000
1495624997.1245 -2.5192 0.4817 -1.0000
1495624997.1245 -1.5192 -2.5183 -1.0000
1495624997.1245 -1.5192 -1.5183 -1.0000
1495624997.1245 -1.5192 -0.5183 -1.0000
1495624997.1245 -1.5192 0.4817 -1.0000
1495624997.1245 -1.5192 1.4817 -1.0000
1495624997.1245 -0.5192 -2.5183 -1.0000
1495624997.1245 -0.5192 -1.5183 -1.0000
1495624997.1245 -0.5192 -0.5183 -1.0000
1495624997.1245 -0.5192 0.4817 -1.0000
1495624997.1245 -0.5192 1.4817 -1.0000
1495624997.1245 -0.5192 2.4817 -1.0000
1495624997.1245 -0.5192 3.4817 -1.0000
1495624997.1245 -0.5192 4.4817 -1.0000
1495624997.1245 -0.5192 5.4817 -1.0000
1495624997.1245 -0.5192 6.4817 -1.0000
1495624997.1245 0.4808 -2.5183 -1.0000
1495624997.1245 0.4808 -1.5183 2.0000
1495624997.1245 0.4808 -0.5183 2.0000
1495624997.1245 0.4808 1.4817 2.0000
1495624997.1245 0.4808 2.4817 2.0000
1495624997.1245 0.4808 10.4817 2.0000
1495624997.1245 0.4808 11.4817 2.0000
1495624997.1245 0.4808 12.4817 2.0000
1495624997.1245 0.4808 13.4817 2.0000
1495624997.1245 0.4808 14.4817 2.0000
1495624997.1245 0.4808 15.4817 2.0000
1495624997.1245 1.4808 -2.5183 -1.0000
1495624997.1245 1.4808 -1.5183 -1.0000
1495624997.1245 1.4808 -0.5183 2.0000
1495624997.1245 1.4808 2.4817 2.0000
1495624997.1245 1.4808 3.4817 2.0000
1495624997.1245 1.4808 5.4817 2.0000
1495624997.1245 1.4808 10.4817 2.0000
1495624997.1245 1.4808 14.4817 2.0000
1495624997.1245 2.4808 -2.5183 2.0000
1495624997.1245 2.4808 -1.5183 2.0000
1495624997.1245 2.4808 0.4817 -1.0000
1495624997.1245 2.4808 1.4817 -1.0000
1495624997.1245 2.4808 3.4817 -1.0000
1495624997.1245 2.4808 4.4817 -1.0000
1495624997.1245 2.4808 5.4817 -1.0000
1495624997.1245 2.4808 6.4817 -1.0000
1495624997.1245 2.4808 7.4817 -1.0000
1495624997.1245 3.4808 -3.5183 2.0000
1495624997.1245 3.4808 -2.5183 -1.0000
1495624997.1245 3.4808 0.4817 -1.0000
1495624997.1245 3.4808 2.4817 -1.0000
1495624997.1245 3.4808 3.4817 -1.0000
1495624997.1245 3.4808 4.4817 -1.0000
1495624997.1245 3.4808 5.4817 -1.0000
1495624997.1245 4.4808 -2.5183 -1.0000
1495624997.1245 4.4808 -1.5183 -1.0000
1495624997.1245 4.4808 0.4817 -1.0000
1495624997.1245 5.4808 -1.5183 -1.0000
1495624997.1245 5.4808 -0.5183 -1.0000
1495624997.1245 5.4808 0.4817 -1.0000
1495624997.1245 6.4808 -1.5183 -1.0000
1495624997.1245 6.4808 -0.5183 -1.0000
1495624997.1245 6.4808 0.4817 -1.0000
1495624997.1245 7.4808 -3.5183 2.0000
1495624997.1245 7.4808 -2.5183 2.0000
1495624997.1245 8.4808 -3.5183 2.0000
1495624997.1245 8.4808 -1.5183 -1.0000
1495624997.1245 8.4808 -0.5183 -1.0000
1495624997.1245 8.4808 0.4817 -1.0000
1495624997.1245 9.4808 -2.5183 -1.0000
1495624997.1245 9.4808 -1.5183 -1.0000
1495624997.1245 9.4808 -0.5183 -1.0000
1495624997.1245 9.4808 0.4817 -1.0000
1495624997.1245 10.4808 -2.5183 -1.0000
1495624997.1245 10.4808 -1.5183 -1.0000
1495624997.1245 10.4808 -0.5183 -1.0000
1495624997.1245 10.4808 0.4817 -1.0000
1495624997.1245 11.4808 -2.5183 -1.0000
1495624997.1245 11.4808 -1.5183 -1.0000
1495624997.1245 11.4808 -0.5183 -1.0000
1495624997.1245 11.4808 0.4817 -1.0000
1495624997.1245 12.4808 -2.5183 -1.0000
1495624997.1245 12.4808 -1.5183 -1.0000
1495624997.1245 12.4808 -0.5183 -1.0000
1495624997.1245 12.4808 0.4817 -1.0000
1495624997.1245 13.4808 -2.5183 -1.0000
1495624997.1245 13.4808 -1.5183 -1.0000
1495624997.1245 13.4808 -0.5183 -1.0000
1495624997.1245 13.4808 0.4817 -1.0000
1495624997.1245 14.4808 -1.5183 -1.0000
1495624997.1245 14.4808 -0.5183 -1.0000
1495624997.1245 14.4808 0.4817 -1.0000
1495624997.1245 15.4808 -3.5183 2.0000
1495624997.1245 15.4808 -1.5183 -1.0000
1495624997.1245 15.4808 -0.5183 -1.0000
1495624997.1245 15.4808 0.4817 -1.0000
1495624997.1245 16.4808 -3.5183 2.0000
1495624997.1245 16.4808 -1.5183 -1.0000
1495624997.1245 16.4808 -0.5183 -1.0000
1495624997.1245 16.4808 0.4817 -1.0000
1495624997.1245 17.4808 -1.5183 -1.0000
1495624997.1245 17.4808 -0.5183 -1.0000
1495624997.1245 17.4808 0.4817 -1.0000
1495624997.1245 18.4808 -1.5183 -1.0000
1495624997.1245 18.4808 -0.5183 -1.0000
1495624997.1245 18.4808 0.4817 -1.0000
1495624997.1245 19.4808 -2.5183 2.0000
1495624997.1245 19.4808 -1.5183 -1.0000
1495624997.1245 19.4808 -0.5183 -1.0000
1495624997.1245 20.4808 -1.5183 -1.0000
1495624997.1245 20.4808 -0.5183 -1.0000
1495624997.1245 21.4808 -1.5183 -1.0000
1495624997.1245 21.4808 -0.5183 -1.0000
1495624997.1245 22.4808 -1.5183 -1.0000
1495624997.1245 22.4808 -0.5183 -1.0000
1495628597.1245 -7.5192 -1.5183 -1.0000
1495628597.1245 -7.5192 -0.5183 -1.0000
1495628597.1245 -7.5192 0.4817 -1.0000
1495628597.1245 -6.5192 -1.5183 -1.0000
1495628597.1245 -6.5192 -0.5183 -1.0000
1495628597.1245 -6.5192 0.4817 -1.0000
1495628597.1245 -5.5192 -2.5183 2.0000
1495628597.1245 -5.5192 -1.5183 2.0000
1495628597.1245 -5.5192 0.4817 -1.0000
1495628597.1245 -4.5192 -2.5183 -1.0000
1495628597.1245 -4.5192 -1.5183 -1.0000
1495628597.1245 -4.5192 0.4817 -1.0000
1495628597.1245 -3.5192 -2.5183 -1.0000
1495628597.1245 -3.5192 -1.5183 -1.0000
1495628597.1245 -3.5192 0.4817 -1.0000
1495628597.1245 -2.5192 -2.5183 -1.0000
1495628597.1245 -2.5192 -1.5183 -1.0000
1495628597.1245 -2.5192 0.4817 -1.0000
1495628597.1245 -1.5192 -4.5183 2.0000
1495628597.1245 -1.5192 -2.5183 -1.0000
1495628597.1245 -1.5192 -1.5183 -1.0000
1495628597.1245 -1.5192 0.4817 -1.0000
1495628597.1245 -1.5192 1.4817 -1.0000
1495628597.1245 -1.5192 2.4817 -1.0000
1495628597.1245 -1.5192 3.4817 -1.0000
1495628597.1245 -1.5192 4.4817 -1.0000
1495628597.1245 -1.5192 5.4817 -1.0000
1495628597.1245 -0.5192 0.4817 -1.0000
1495628597.1245 -0.5192 1.4817 -1.0000
1495628597.1245 -0.5192 2.4817 -1.0000
1495628597.1245 -0.5192 3.4817 -1.0000
1495628597.1245 -0.5192 4.4817 -1.0000
1495628597.1245 -0.5192 5.4817 -1.0000
1495628597.1245 -0.5192 6.4817 -1.0000
1495628597.1245 -0.5192 7.4817 -1.0000
1495628597.1245 -0.5192 8.4817 -1.0000
1495628597.1245 0.4808 -2.5183 -1.0000
1495628597.1245 0.4808 -0.5183 2.0000
1495628597.1245 0.4808 5.4817 -1.0000
1495628597.1245 0.4808 6.4817 -1.0000
1495628597.1245 0.4808 8.4817 -1.0000
1495628597.1245 0.4808 9.4817 -1.0000
1495628597.1245 1.4808 -4.5183 -1.0000
1495628597.1245 1.4808 -3.5183 -1.0000
1495628597.1245 1.4808 -2.5183 -1.0000
1495628597.1245 1.4808 -1.5183 2.0000
1495628597.1245 1.4808 -0.5183 2.0000
1495628597.1245 1.4808 0.4817 -1.0000
1495628597.1245 1.4808 1.4817 -1.0000
1495628597.1245 1.4808 2.4817 -1.0000
1495628597.1245 1.4808 5.4817 -1.0000
1495628597.1245 1.4808 6.4817 -1.0000
1495628597.1245 1.4808 7.4817 -1.0000
1495628597.1245 1.4808 8.4817 -1.0000
1495628597.1245 1.4808 9.4817 -1.0000
1495628597.1245 1.4808 10.4817 -1.0000
1495628597.1245 2.4808 -4.5183 -1.0000
1495628597.1245 2.4808 -3.5183 -1.0000
1495628597.1245 2.4808 -1.5183 2.0000
1495628597.1245 2.4808 -0.5183 -1.0000
1495628597.1245 2.4808 0.4817 -1.0000
1495628597.1245 2.4808 1.4817 -1.0000
1495628597.1245 2.4808 2.4817 -1.0000
1495628597.1245 2.4808 3.4817 -1.0000
1495628597.1245 2.4808 4.4817 -1.0000
1495628597.1245 2.4808 5.4817 -1.0000
1495628597.1245 2.4808 6.4817 -1.0000
1495628597.1245 2.4808 7.4817 -1.0000
1495628597.1245 2.4808 8.4817 -1.0000
1495628597.1245 2.4808 9.4817 -1.0000
1495628597.1245 2.4808 10.4817 -1.0000
1495628597.1245 3.4808 -3.5183 2.0000
1495628597.1245 3.4808 -0.5183 -1.0000
1495628597.1245 3.4808 0.4817 -1.0000
1495628597.1245 3.4808 1.4817 -1.0000
1495628597.1245 3.4808 2.4817 -1.0000
1495628597.1245 3.4808 3.4817 -1.0000
1495628597.1245 3.4808 4.4817 -1.0000
1495628597.1245 3.4808 5.4817 -1.0000
1495628597.1245 3.4808 6.4817 -1.0000
1495628597.1245 3.4808 7.4817 -1.0000
1495628597.1245 3.4808 8.4817 -1.0000
1495628597.1245 3.4808 9.4817 -1.0000
1495628597.1245 4.4808 -3.5183 2.0000
1495628597.1245 4.4808 -2.5183 -1.0000
1495628597.1245 4.4808 -0.5183 -1.0000
1495628597.1245 4.4808 0.4817 -1.0000
1495628597.1245 4.4808 1.4817 -1.0000
1495628597.1245 4.4808 2.4817 -1.0000
1495628597.1245 4.4808 3.4817 -1.0000
1495628597.1245 4.4808 4.4817 -1.0000
1495628597.1245 4.4808 5.4817 -1.0000
1495628597.1245 4.4808 6.4817 -1.0000
1495628597.1245 5.4808 -3.5183 2.0000
1495628597.1245 5.4808 -2.5183 -1.0000
1495628597.1245 5.4808 -1.5183 -1.0000
1495628597.1245 5.4808 -0.5183 -1.0000
1495628597.1245 5.4808 0.4817 -1.0000
1495628597.1245 6.4808 -2.5183 -1.0000
1495628597.1245 6.4808 -0.5183 2.0000
1495628597.1245 6.4808 0.4817 -1.0000
1495628597.1245 7.4808 -0.5183 2.0000
1495628597.1245 7.4808 0.4817 -1.0000
1495628597.1245 8.4808 -2.5183 2.0000
1495628597.1245 8.4808 -0.5183 -1.0000
1495628597.1245 8.4808 0.4817 -1.0000
1495628597.1245 9.4808 -2.5183 -1.0000
1495628597.1245 9.4808 -1.5183 -1.0000
1495628597.1245 9.4808 -0.5183 -1.0000
1495628597.1245 9.4808 0.4817 -1.0000
1495628597.1245 10.4808 -2.5183 -1.0000
1495628597.1245 10.4808 -1.5183 -1.0000
1495628597.1245 10.4808 -0.5183 -1.0000
1495628597.1245 10.4808 0.4817 -1.0000
1495628597.1245 11.4808 -2.5183 -1.0000
1495628597.1245 11.4808 -1.5183 -1.0000
1495628597.1245 11.4808 -0.5183 -1.0000
1495628597.1245 11.4808 0.4817 -1.0000
1495628597.1245 12.4808 -2.5183 -1.0000
1495628597.1245 12.4808 -0.5183 -1.0000
1495628597.1245 12.4808 0.4817 -1.0000
1495628597.1245 13.4808 -2.5183 -1.0000
1495628597.1245 13.4808 -0.5183 -1.0000
1495628597.1245 13.4808 0.4817 -1.0000
1495628597.1245 14.4808 -2.5183 2.0000
1495628597.1245 14.4808 -1.5183 -1.0000
1495628597.1245 14.4808 -0.5183 -1.0000
1495628597.1245 14.4808 0.4817 -1.0000
1495628597.1245 15.4808 -3.5183 2.0000
1495628597.1245 15.4808 -2.5183 2.0000
1495628597.1245 15.4808 -1.5183 -1.0000
1495628597.1245 15.4808 -0.5183 -1.0000
1495628597.1245 15.4808 0.4817 -1.0000
1495628597.1245 16.4808 -3.5183 2.0000
1495628597.1245 16.4808 -1.5183 -1.0000
1495628597.1245 16.4808 -0.5183 -1.0000
1495628597.1245 16.4808 0.4817 -1.0000
1495628597.1245 17.4808 -3.5183 2.0000
1495628597.1245 17.4808 -1.5183 -1.0000
1495628597.1245 17.4808 -0.5183 -1.0000
1495628597.1245 17.4808 0.4817 -1.0000
1495628597.1245 18.4808 -1.5183 -1.0000
1495628597.1245 18.4808 -0.5183 -1.0000
1495628597.1245 18.4808 0.4817 -1.0000
1495628597.1245 19.4808 -2.5183 2.0000
1495628597.1245 19.4808 -1.5183 -1.0000
1495628597.1245 19.4808 -0.5183 -1.0000
1495628597.1245 20.4808 -3.5183 2.0000
1495628597.1245 20.4808 -1.5183 -1.0000
1495628597.1245 20.4808 -0.5183 -1.0000
1495628597.1245 21.4808 -3.5183 2.0000
1495628597.1245 21.4808 -1.5183 -1.0000
1495628597.1245 21.4808 -0.5183 -1.0000
1495628597.1245 22.4808 -1.5183 -1.0000
1495632197.1245 -7.5192 -2.5183 -1.0000
1495632197.1245 -7.5192 -1.5183 -1.0000
1495632197.1245 -7.5192 -0.5183 -1.0000
1495632197.1245 -7.5192 0.4817 -1.0000
1495632197.1245 -6.5192 -1.5183 -1.0000
1495632197.1245 -6.5192 -0.5183 -1.0000
1495632197.1245 -6.5192 1.4817 2.0000
1495632197.1245 -5.5192 -3.5183 2.0000
1495632197.1245 -5.5192 -0.5183 -1.0000
1495632197.1245 -4.5192 -2.5183 -1.0000
1495632197.1245 -4.5192 -1.5183 -1.0000
1495632197.1245 -4.5192 0.4817 -1.0000
1495632197.1245 -3.5192 -2.5183 -1.0000
1495632197.1245 -3.5192 -1.5183 -1.0000
1495632197.1245 -3.5192 0.4817 -1.0000
1495632197.1245 -2.5192 -2.5183 -1.0000
1495632197.1245 -2.5192 -1.5183 -1.0000
1495632197.1245 -2.5192 -0.5183 -1.0000
1495632197.1245 -2.5192 0.4817 -1.0000
1495632197.1245 -1.5192 -2.5183 -1.0000
1495632197.1245 -1.5192 -1.5183 -1.0000
1495632197.1245 -1.5192 -0.5183 -1.0000
1495632197.1245 -1.5192 0.4817 -1.0000
1495632197.1245 -1.5192 1.4817 -1.0000
1495632197.1245 -1.5192 3.4817 -1.0000
1495632197.1245 -1.5192 4.4817 -1.0000
1495632197.1245 -0.5192 -2.5183 -1.0000
1495632197.1245 -0.5192 0.4817 -1.0000
1495632197.1245 -0.5192 1.4817 -1.0000
1495632197.1245 -0.5192 2.4817 -1.0000
1495632197.1245 -0.5192 3.4817 -1.0000
1495632197.1245 -0.5192 4.4817 -1.0000
1495632197.1245 -0.5192 5.4817 -1.0000
1495632197.1245 -0.5192 6.4817 -1.0000
1495632197.1245 -0.5192 7.4817 -1.0000
1495632197.1245 -0.5192 8.4817 -1.0000
1495632197.1245 0.4808 -4.5183 -1.0000
1495632197.1245 0.4808 -3.5183 -1.0000
1495632197.1245 0.4808 -2.5183 -1.0000
1495632197.1245 0.4808 -0.5183 2.0000
1495632197.1245 0.4808 0.4817 2.0000
1495632197.1245 0.4808 1.4817 2.0000
1495632197.1245 1.4808 -4.5183 -1.0000
1495632197.1245 1.4808 -3.5183 -1.0000
1495632197.1245 1.4808 -2.5183 -1.0000
1495632197.1245 1.4808 -1.5183 2.0000
1495632197.1245 1.4808 -0.5183 2.0000
1495632197.1245 1.4808 2.4817 -1.0000
1495632197.1245 1.4808 3.4817 -1.0000
1495632197.1245 1.4808 5.4817 -1.0000
1495632197.1245 1.4808 6.4817 -1.0000
1495632197.1245 1.4808 7.4817 -1.0000
1495632197.1245 2.4808 -4.5183 -1.0000
1495632197.1245 2.4808 -3.5183 -1.0000
1495632197.1245 2.4808 -2.5183 2.0000
1495632197.1245 2.4808 -1.5183 2.0000
1495632197.1245 2.4808 0.4817 -1.0000
1495632197.1245 2.4808 1.4817 -1.0000
1495632197.1245 2.4808 2.4817 -1.0000
1495632197.1245 2.4808 3.4817 -1.0000
1495632197.1245 2.4808 4.4817 -1.0000
1495632197.1245 2.4808 5.4817 -1.0000
1495632197.1245 2.4808 6.4817 -1.0000
1495632197.1245 2.4808 7.4817 -1.0000
1495632197.1245 2.4808 8.4817 -1.0000
1495632197.1245 2.4808 9.4817 -1.0000
1495632197.1245 2.4808 10.4817 -1.0000
1495632197.1245 3.4808 -3.5183 2.0000
1495632197.1245 3.4808 -2.5183 -1.0000
1495632197.1245 3.4808 -1.5183 2.0000
1495632197.1245 3.4808 0.4817 -1.0000
1495632197.1245 3.4808 1.4817 -1.0000
1495632197.1245 3.4808 2.4817 -1.0000
1495632197.1245 3.4808 3.4817 -1.0000
1495632197.1245 3.4808 4.4817 -1.0000
1495632197.1245 3.4808 5.4817 -1.0000
1495632197.1245 3.4808 6.4817 -1.0000
1495632197.1245 3.4808 7.4817 -1.0000
1495632197.1245 3.4808 8.4817 -1.0000
1495632197.1245 3.4808 9.4817 -1.0000
1495632197.1245 4.4808 -4.5183 2.0000
1495632197.1245 4.4808 -3.5183 2.0000
1495632197.1245 4.4808 -2.5183 -1.0000
1495632197.1245 4.4808 -1.5183 2.0000
1495632197.1245 4.4808 0.4817 -1.0000
1495632197.1245 4.4808 1.4817 -1.0000
1495632197.1245 4.4808 2.4817 -1.0000
1495632197.1245 4.4808 3.4817 -1.0000
1495632197.1245 4.4808 4.4817 -1.0000
1495632197.1245 4.4808 5.4817 -1.0000
1495632197.1245 4.4808 6.4817 -1.0000
1495632197.1245 4.4808 7.4817 -1.0000
1495632197.1245 5.4808 -2.5183 -1.0000
1495632197.1245 5.4808 0.4817 -1.0000
1495632197.1245 5.4808 1.4817 -1.0000
1495632197.1245 6.4808 -1.5183 2.0000
1495632197.1245 6.4808 0.4817 -1.0000
1495632197.1245 7.4808 -3.5183 2.0000
1495632197.1245 7.4808 -2.5183 2.0000
1495632197.1245 7.4808 -1.5183 2.0000
1495632197.1245 7.4808 -0.5183 2.0000
1495632197.1245 7.4808 0.4817 -1.0000
1495632197.1245 8.4808 -3.5183 2.0000
1495632197.1245 8.4808 -1.5183 -1.0000
1495632197.1245 8.4808 -0.5183 2.0000
1495632197.1245 8.4808 0.4817 -1.0000
1495632197.1245 9.4808 -2.5183 -1.0000
1495632197.1245 9.4808 -1.5183 -1.0000
1495632197.1245 9.4808 -0.5183 -1.0000
1495632197.1245 9.4808 0.4817 -1.0000
1495632197.1245 10.4808 -2.5183 -1.0000
1495632197.1245 10.4808 -1.5183 -1.0000
1495632197.1245 10.4808 -0.5183 -1.0000
1495632197.1245 10.4808 0.4817 -1.0000
1495632197.1245 11.4808 -2.5183 -1.0000
1495632197.1245 11.4808 -1.5183 -1.0000
1495632197.1245 11.4808 -0.5183 -1.0000
1495632197.1245 11.4808 0.4817 -1.0000
1495632197.1245 12.4808 -2.5183 -1.0000
1495632197.1245 12.4808 -1.5183 -1.0000
1495632197.1245 12.4808 -0.5183 -1.0000
1495632197.1245 12.4808 0.4817 -1.0000
1495632197.1245 13.4808 -2.5183 -1.0000
1495632197.1245 13.4808 -1.5183 -1.0000
1495632197.1245 13.4808 -0.5183 -1.0000
1495632197.1245 13.4808 0.4817 -1.0000
1495632197.1245 14.4808 -1.5183 -1.0000
1495632197.1245 14.4808 -0.5183 -1.0000
1495632197.1245 14.4808 0.4817 -1.0000
1495632197.1245 15.4808 -2.5183 2.0000
1495632197.1245 15.4808 -1.5183 -1.0000
1495632197.1245 15.4808 -0.5183 -1.0000
1495632197.1245 15.4808 0.4817 -1.0000
1495632197.1245 16.4808 -3.5183 2.0000
1495632197.1245 16.4808 -1.5183 -1.0000
1495632197.1245 16.4808 -0.5183 -1.0000
1495632197.1245 16.4808 0.4817 -1.0000
1495632197.1245 17.4808 -3.5183 2.0000
1495632197.1245 17.4808 -1.5183 -1.0000
1495632197.1245 17.4808 -0.5183 -1.0000
1495632197.1245 17.4808 0.4817 -1.0000
1495632197.1245 18.4808 -1.5183 -1.0000
1495632197.1245 18.4808 -0.5183 -1.0000
1495632197.1245 18.4808 3.4817 2.0000
1495632197.1245 19.4808 -2.5183 2.0000
1495632197.1245 19.4808 -1.5183 -1.0000
1495632197.1245 19.4808 -0.5183 -1.0000
1495632197.1245 19.4808 1.4817 2.0000
1495632197.1245 20.4808 -3.5183 2.0000
1495632197.1245 20.4808 -1.5183 -1.0000
1495632197.1245 20.4808 -0.5183 -1.0000
1495632197.1245 21.4808 -1.5183 -1.0000
1495632197.1245 21.4808 -0.5183 -1.0000
1495632197.1245 22.4808 -0.5183 -1.0000
1495635797.1245 -7.5192 -1.5183 -1.0000
1495635797.1245 -7.5192 -0.5183 -1.0000
1495635797.1245 -7.5192 0.4817 -1.0000
1495635797.1245 -6.5192 -2.5183 2.0000
1495635797.1245 -6.5192 -1.5183 -1.0000
1495635797.1245 -6.5192 -0.5183 -1.0000
1495635797.1245 -6.5192 0.4817 -1.0000
1495635797.1245 -6.5192 1.4817 2.0000
1495635797.1245 -5.5192 -3.5183 2.0000
1495635797.1245 -5.5192 -1.5183 2.0000
1495635797.1245 -5.5192 -0.5183 -1.0000
1495635797.1245 -5.5192 0.4817 -1.0000
1495635797.1245 -5.5192 1.4817 2.0000
1495635797.1245 -5.5192 2.4817 2.0000
1495635797.1245 -4.5192 -2.5183 -1.0000
1495635797.1245 -4.5192 -1.5183 -1.0000
1495635797.1245 -4.5192 0.4817 -1.0000
1495635797.1245 -3.5192 -2.5183 -1.0000
1495635797.1245 -3.5192 -1.5183 -1.0000
1495635797.1245 -3.5192 0.4817 -1.0000
1495635797.1245 -2.5192 -2.5183 -1.0000
1495635797.1245 -2.5192 -1.5183 -1.0000
1495635797.1245 -2.5192 -0.5183 -1.0000
1495635797.1245 -2.5192 0.4817 -1.0000
1495635797.1245 -1.5192 -2.5183 -1.0000
1495635797.1245 -1.5192 -1.5183 -1.0000
1495635797.1245 -1.5192 -0.5183 -1.0000
1495635797.1245 -1.5192 0.4817 -1.0000
1495635797.1245 -1.5192 2.4817 -1.0000
1495635797.1245 -1.5192 3.4817 -1.0000
1495635797.1245 -1.5192 4.4817 -1.0000
1495635797.1245 -1.5192 5.4817 -1.0000
1495635797.1245 -1.5192 6.4817 -1.0000
1495635797.1245 -0.5192 -3.5183 -1.0000
1495635797.1245 -0.5192 -1.5183 -1.0000
1495635797.1245 -0.5192 0.4817 -1.0000
1495635797.1245 -0.5192 1.4817 -1.0000
1495635797.1245 -0.5192 2.4817 -1.0000
1495635797.1245 -0.5192 3.4817 -1.0000
1495635797.1245 -0.5192 4.4817 -1.0000
1495635797.1245 -0.5192 5.4817 -1.0000
1495635797.1245 -0.5192 6.4817 -1.0000
1495635797.1245 -0.5192 7.4817 -1.0000
1495635797.1245 -0.5192 8.4817 -1.0000
1495635797.1245 0.4808 -4.5183 -1.0000
1495635797.1245 0.4808 -3.5183 -1.0000
1495635797.1245 0.4808 -2.5183 -1.0000
1495635797.1245 0.4808 -1.5183 2.0000
1495635797.1245 0.4808 -0.5183 2.0000
1495635797.1245 0.4808 0.4817 2.0000
1495635797.1245 0.4808 1.4817 2.0000
1495635797.1245 0.4808 8.4817 -1.0000
1495635797.1245 0.4808 13.4817 2.0000
1495635797.1245 1.4808 -5.5183 -1.0000
1495635797.1245 1.4808 -4.5183 -1.0000
1495635797.1245 1.4808 -3.5183 -1.0000
1495635797.1245 1.4808 -2.5183 -1.0000
1495635797.1245 1.4808 -1.5183 2.0000
1495635797.1245 1.4808 -0.5183 2.0000
1495635797.1245 1.4808 0.4817 2.0000
1495635797.1245 1.4808 4.4817 -1.0000
1495635797.1245 1.4808 5.4817 -1.0000
1495635797.1245 1.4808 6.4817 -1.0000
1495635797.1245 1.4808 7.4817 -1.0000
1495635797.1245 2.4808 -5.5183 -1.0000
1495635797.1245 2.4808 -4.5183 -1.0000
1495635797.1245 2.4808 -1.5183 2.0000
1495635797.1245 2.4808 0.4817 -1.0000
1495635797.1245 2.4808 1.4817 -1.0000
1495635797.1245 2.4808 2.4817 -1.0000
1495635797.1245 2.4808 3.4817 -1.0000
1495635797.1245 2.4808 4.4817 -1.0000
1495635797.1245 2.4808 5.4817 -1.0000
1495635797.1245 2.4808 6.4817 -1.0000
1495635797.1245 2.4808 7.4817 -1.0000
1495635797.1245 2.4808 8.4817 -1.0000
1495635797.1245 2.4808 9.4817 -1.0000
1495635797.1245 3.4808 -4.5183 -1.0000
1495635797.1245 3.4808 -3.5183 2.0000
1495635797.1245 3.4808 -2.5183 -1.0000
1495635797.1245 3.4808 -0.5183 2.0000
1495635797.1245 3.4808 0.4817 -1.0000
1495635797.1245 3.4808 1.4817 -1.0000
1495635797.1245 3.4808 2.4817 -1.0000
1495635797.1245 3.4808 3.4817 -1.0000
1495635797.1245 3.4808 4.4817 -1.0000
1495635797.1245 3.4808 5.4817 -1.0000
1495635797.1245 3.4808 6.4817 -1.0000
1495635797.1245 3.4808 7.4817 -1.0000
1495635797.1245 3.4808 8.4817 -1.0000
1495635797.1245 4.4808 -3.5183 2.0000
1495635797.1245 4.4808 -2.5183 -1.0000
1495635797.1245 4.4808 -1.5183 -1.0000
1495635797.1245 4.4808 0.4817 -1.0000
1495635797.1245 4.4808 1.4817 -1.0000
1495635797.1245 4.4808 2.4817 -1.0000
1495635797.1245 4.4808 3.4817 -1.0000
1495635797.1245 4.4808 4.4817 -1.0000
1495635797.1245 4.4808 5.4817 -1.0000
1495635797.1245 4.4808 6.4817 -1.0000
1495635797.1245 5.4808 -4.5183 2.0000
1495635797.1245 5.4808 -2.5183 -1.0000
1495635797.1245 5.4808 0.4817 -1.0000
1495635797.1245 5.4808 1.4817 -1.0000
1495635797.1245 6.4808 -2.5183 -1.0000
1495635797.1245 6.4808 -1.5183 -1.0000
1495635797.1245 6.4808 -0.5183 2.0000
1495635797.1245 6.4808 0.4817 -1.0000
1495635797.1245 7.4808 -2.5183 -1.0000
1495635797.1245 7.4808 -0.5183 2.0000
1495635797.1245 7.4808 0.4817 -1.0000
1495635797.1245 8.4808 -1.5183 -1.0000
1495635797.1245 8.4808 -0.5183 -1.0000
1495635797.1245 8.4808 0.4817 -1.0000
1495635797.1245 9.4808 -3.5183 2.0000
1495635797.1245 9.4808 -1.5183 -1.0000
1495635797.1245 9.4808 -0.5183 -1.0000
1495635797.1245 9.4808 0.4817 -1.0000
1495635797.1245 10.4808 -2.5183 -1.0000
1495635797.1245 10.4808 -1.5183 -1.0000
1495635797.1245 10.4808 -0.5183 -1.0000
1495635797.1245 10.4808 0.4817 -1.0000
1495635797.1245 11.4808 -3.5183 2.0000
1495635797.1245 11.4808 -2.5183 -1.0000
1495635797.1245 11.4808 -1.5183 -1.0000
1495635797.1245 11.4808 -0.5183 -1.0000
1495635797.1245 11.4808 0.4817 -1.0000
1495635797.1245 12.4808 -2.5183 -1.0000
1495635797.1245 12.4808 -1.5183 -1.0000
1495635797.1245 12.4808 -0.5183 -1.0000
1495635797.1245 12.4808 0.4817 -1.0000
1495635797.1245 13.4808 -2.5183 -1.0000
1495635797.1245 13.4808 -1.5183 -1.0000
1495635797.1245 13.4808 -0.5183 -1.0000
1495635797.1245 13.4808 0.4817 -1.0000
1495635797.1245 14.4808 -2.5183 -1.0000
1495635797.1245 14.4808 -0.5183 -1.0000
1495635797.1245 14.4808 0.4817 -1.0000
1495635797.1245 15.4808 -3.5183 2.0000
1495635797.1245 15.4808 -0.5183 -1.0000
1495635797.1245 15.4808 0.4817 -1.0000
1495635797.1245 16.4808 -4.5183 2.0000
1495635797.1245 16.4808 -3.5183 2.0000
1495635797.1245 16.4808 -1.5183 -1.0000
1495635797.1245 16.4808 -0.5183 -1.0000
1495635797.1245 16.4808 0.4817 -1.0000
1495635797.1245 17.4808 -0.5183 -1.0000
1495635797.1245 17.4808 0.4817 -1.0000
1495635797.1245 18.4808 -0.5183 -1.0000
1495635797.1245 18.4808 2.4817 2.0000
1495635797.1245 19.4808 -2.5183 2.0000
1495635797.1245 19.4808 -0.5183 -1.0000
1495635797.1245 19.4808 1.4817 2.0000
1495635797.1245 20.4808 -0.5183 -1.0000
1495635797.1245 21.4808 -0.5183 -1.0000
1495635797.1245 22.4808 -3.5183 2.0000
1495635797.1245 22.4808 -1.5183 -1.0000
1495635797.1245 22.4808 -0.5183 -1.0000
1495639397.1245 -7.5192 -1.5183 -1.0000
1495639397.1245 -7.5192 -0.5183 -1.0000
1495639397.1245 -7.5192 0.4817 -1.0000
1495639397.1245 -6.5192 -2.5183 2.0000
1495639397.1245 -6.5192 -0.5183 -1.0000
1495639397.1245 -6.5192 0.4817 -1.0000
1495639397.1245 -5.5192 -0.5183 -1.0000
1495639397.1245 -5.5192 0.4817 -1.0000
1495639397.1245 -4.5192 -2.5183 -1.0000
1495639397.1245 -4.5192 -1.5183 -1.0000
1495639397.1245 -4.5192 0.4817 -1.0000
1495639397.1245 -3.5192 -2.5183 -1.0000
1495639397.1245 -3.5192 -1.5183 -1.0000
1495639397.1245 -3.5192 0.4817 -1.0000
1495639397.1245 -2.5192 -2.5183 -1.0000
1495639397.1245 -2.5192 -1.5183 -1.0000
1495639397.1245 -2.5192 0.4817 -1.0000
1495639397.1245 -2.5192 1.4817 -1.0000
1495639397.1245 -1.5192 -2.5183 -1.0000
1495639397.1245 -1.5192 -1.5183 -1.0000
1495639397.1245 -1.5192 -0.5183 -1.0000
1495639397.1245 -1.5192 0.4817 -1.0000
1495639397.1245 -1.5192 1.4817 -1.0000
1495639397.1245 -1.5192 2.4817 -1.0000
1495639397.1245 -1.5192 3.4817 -1.0000
1495639397.1245 -1.5192 4.4817 -1.0000
1495639397.1245 -1.5192 5.4817 -1.0000
1495639397.1245 -1.5192 6.4817 -1.0000
1495639397.1245 -1.5192 7.4817 -1.0000
1495639397.1245 -0.5192 -4.5183 -1.0000
1495639397.1245 -0.5192 -2.5183 -1.0000
1495639397.1245 -0.5192 -1.5183 -1.0000
1495639397.1245 -0.5192 -0.5183 -1.0000
1495639397.1245 -0.5192 0.4817 -1.0000
1495639397.1245 -0.5192 1.4817 -1.0000
1495639397.1245 -0.5192 2.4817 -1.0000
1495639397.1245 -0.5192 3.4817 -1.0000
1495639397.1245 -0.5192 4.4817 -1.0000
1495639397.1245 -0.5192 5.4817 -1.0000
1495639397.1245 -0.5192 6.4817 -1.0000
1495639397.1245 -0.5192 7.4817 -1.0000
1495639397.1245 -0.5192 8.4817 -1.0000
1495639397.1245 -0.5192 9.4817 -1.0000
1495639397.1245 0.4808 -5.5183 -1.0000
1495639397.1245 0.4808 -4.5183 -1.0000
1495639397.1245 0.4808 -3.5183 -1.0000
1495639397.1245 0.4808 -2.5183 -1.0000
1495639397.1245 0.4808 -1.5183 2.0000
1495639397.1245 0.4808 -0.5183 2.0000
1495639397.1245 0.4808 0.4817 2.0000
1495639397.1245 1.4808 -5.5183 -1.0000
1495639397.1245 1.4808 -4.5183 -1.0000
1495639397.1245 1.4808 -3.5183 -1.0000
1495639397.1245 1.4808 -2.5183 -1.0000
1495639397.1245 1.4808 -1.5183 2.0000
1495639397.1245 1.4808 -0.5183 2.0000
1495639397.1245 1.4808 1.4817 -1.0000
1495639397.1245 1.4808 2.4817 -1.0000
1495639397.1245 1.4808 3.4817 -1.0000
1495639397.1245 1.4808 4.4817 -1.0000
1495639397.1245 1.4808 5.4817 -1.0000
1495639397.1245 1.4808 6.4817 -1.0000
1495639397.1245 1.4808 7.4817 -1.0000
1495639397.1245 1.4808 11.4817 2.0000
1495639397.1245 1.4808 12.4817 2.0000
1495639397.1245 1.4808 13.4817 2.0000
1495639397.1245 1.4808 14.4817 2.0000
1495639397.1245 1.4808 15.4817 2.0000
1495639397.1245 2.4808 -5.5183 -1.0000
1495639397.1245 2.4808 -4.5183 -1.0000
1495639397.1245 2.4808 -1.5183 2.0000
1495639397.1245 2.4808 -0.5183 2.0000
1495639397.1245 2.4808 0.4817 -1.0000
1495639397.1245 2.4808 1.4817 -1.0000
1495639397.1245 2.4808 2.4817 -1.0000
1495639397.1245 2.4808 3.4817 -1.0000
1495639397.1245 2.4808 4.4817 -1.0000
1495639397.1245 2.4808 5.4817 -1.0000
1495639397.1245 2.4808 6.4817 -1.0000
1495639397.1245 2.4808 7.4817 -1.0000
1495639397.1245 2.4808 8.4817 -1.0000
1495639397.1245 2.4808 9.4817 -1.0000
1495639397.1245 3.4808 -4.5183 -1.0000
1495639397.1245 3.4808 -3.5183 2.0000
1495639397.1245 3.4808 -2.5183 -1.0000
1495639397.1245 3.4808 -0.5183 2.0000
1495639397.1245 3.4808 0.4817 -1.0000
1495639397.1245 3.4808 1.4817 -1.0000
1495639397.1245 3.4808 2.4817 -1.0000
1495639397.1245 3.4808 3.4817 -1.0000
1495639397.1245 3.4808 4.4817 -1.0000
1495639397.1245 3.4808 5.4817 -1.0000
1495639397.1245 3.4808 6.4817 -1.0000
1495639397.1245 3.4808 7.4817 -1.0000
1495639397.1245 4.4808 -2.5183 -1.0000
1495639397.1245 4.4808 0.4817 -1.0000
1495639397.1245 4.4808 1.4817 -1.0000
1495639397.1245 4.4808 2.4817 -1.0000
1495639397.1245 4.4808 3.4817 -1.0000
1495639397.1245 4.4808 4.4817 -1.0000
1495639397.1245 5.4808 -2.5183 -1.0000
1495639397.1245 5.4808 -0.5183 2.0000
1495639397.1245 5.4808 0.4817 -1.0000
1495639397.1245 6.4808 -3.5183 2.0000
1495639397.1245 6.4808 -2.5183 -1.0000
1495639397.1245 6.4808 -1.5183 2.0000
1495639397.1245 6.4808 0.4817 -1.0000
1495639397.1245 7.4808 -2.5183 2.0000
1495639397.1245 7.4808 -1.5183 2.0000
1495639397.1245 7.4808 0.4817 -1.0000
1495639397.1245 8.4808 -3.5183 2.0000
1495639397.1245 8.4808 -2.5183 2.0000
1495639397.1245 8.4808 -0.5183 -1.0000
1495639397.1245 8.4808 0.4817 -1.0000
1495639397.1245 9.4808 -2.5183 -1.0000
1495639397.1245 9.4808 -0.5183 -1.0000
1495639397.1245 9.4808 0.4817 -1.0000
1495639397.1245 10.4808 -2.5183 -1.0000
1495639397.1245 10.4808 -0.5183 -1.0000
1495639397.1245 10.4808 0.4817 -1.0000
1495639397.1245 11.4808 -2.5183 -1.0000
1495639397.1245 11.4808 -0.5183 -1.0000
1495639397.1245 11.4808 0.4817 -1.0000
1495639397.1245 12.4808 -2.5183 -1.0000
1495639397.1245 12.4808 -0.5183 -1.0000
1495639397.1245 12.4808 0.4817 -1.0000
1495639397.1245 13.4808 -2.5183 -1.0000
1495639397.1245 13.4808 -0.5183 -1.0000
1495639397.1245 13.4808 0.4817 -1.0000
1495639397.1245 14.4808 -0.5183 -1.0000
1495639397.1245 14.4808 0.4817 -1.0000
1495639397.1245 15.4808 -2.5183 2.0000
1495639397.1245 15.4808 -0.5183 -1.0000
1495639397.1245 15.4808 0.4817 -1.0000
1495639397.1245 16.4808 -2.5183 2.0000
1495639397.1245 16.4808 -0.5183 -1.0000
1495639397.1245 17.4808 -3.5183 2.0000
1495639397.1245 17.4808 -0.5183 -1.0000
1495639397.1245 17.4808 0.4817 -1.0000
1495639397.1245 18.4808 -0.5183 -1.0000
1495639397.1245 18.4808 0.4817 -1.0000
1495639397.1245 19.4808 -2.5183 2.0000
1495639397.1245 19.4808 -0.5183 -1.0000
1495639397.1245 20.4808 -3.5183 2.0000
1495639397.1245 20.4808 -0.5183 -1.0000
1495639397.1245 21.4808 -3.5183 2.0000
1495639397.1245 21.4808 -0.5183 -1.0000
1495639397.1245 22.4808 -1.5183 -1.0000
1495639397.1245 22.4808 -0.5183 -1.0000
1495642997.1245 -7.5192 -0.5183 -1.0000
1495642997.1245 -6.5192 -3.5183 2.0000
1495642997.1245 -6.5192 -2.5183 2.0000
1495642997.1245 -6.5192 -0.5183 -1.0000
1495642997.1245 -6.5192 1.4817 2.0000
1495642997.1245 -5.5192 -2.5183 2.0000
1495642997.1245 -5.5192 -1.5183 2.0000
1495642997.1245 -5.5192 -0.5183 -1.0000
1495642997.1245 -5.5192 0.4817 2.0000
1495642997.1245 -5.5192 1.4817 2.0000
1495642997.1245 -4.5192 -2.5183 -1.0000
1495642997.1245 -4.5192 -1.5183 -1.0000
1495642997.1245 -3.5192 -2.5183 -1.0000
1495642997.1245 -3.5192 -1.5183 -1.0000
1495642997.1245 -3.5192 0.4817 -1.0000
1495642997.1245 -2.5192 -3.5183 -1.0000
1495642997.1245 -2.5192 -2.5183 -1.0000
1495642997.1245 -2.5192 -1.5183 -1.0000
1495642997.1245 -2.5192 -0.5183 -1.0000
1495642997.1245 -2.5192 0.4817 -1.0000
1495642997.1245 -2.5192 1.4817 -1.0000
1495642997.1245 -2.5192 2.4817 -1.0000
1495642997.1245 -2.5192 3.4817 -1.0000
1495642997.1245 -2.5192 4.4817 -1.0000
1495642997.1245 -2.5192 5.4817 -1.0000
1495642997.1245 -2.5192 6.4817 -1.0000
1495642997.1245 -1.5192 -4.5183 -1.0000
1495642997.1245 -1.5192 -3.5183 -1.0000
1495642997.1245 -1.5192 -2.5183 -1.0000
1495642997.1245 -1.5192 -1.5183 -1.0000
1495642997.1245 -1.5192 -0.5183 -1.0000
1495642997.1245 -1.5192 0.4817 -1.0000
1495642997.1245 -1.5192 1.4817 -1.0000
1495642997.1245 -1.5192 2.4817 -1.0000
1495642997.1245 -1.5192 3.4817 -1.0000
1495642997.1245 -1.5192 4.4817 -1.0000
1495642997.1245 -1.5192 5.4817 -1.0000
1495642997.1245 -1.5192 6.4817 -1.0000
1495642997.1245 -1.5192 7.4817 -1.0000
1495642997.1245 -1.5192 8.4817 -1.0000
1495642997.1245 -0.5192 -5.5183 -1.0000
1495642997.1245 -0.5192 -4.5183 -1.0000
1495642997.1245 -0.5192 -3.5183 -1.0000
1495642997.1245 -0.5192 -2.5183 2.0000
1495642997.1245 -0.5192 -0.5183 -1.0000
1495642997.1245 -0.5192 0.4817 -1.0000
1495642997.1245 -0.5192 1.4817 -1.0000
1495642997.1245 -0.5192 2.4817 -1.0000
1495642997.1245 -0.5192 3.4817 -1.0000
1495642997.1245 -0.5192 4.4817 -1.0000
1495642997.1245 -0.5192 5.4817 -1.0000
1495642997.1245 -0.5192 6.4817 -1.0000
1495642997.1245 -0.5192 7.4817 -1.0000
1495642997.1245 -0.5192 8.4817 -1.0000
1495642997.1245 -0.5192 9.4817 -1.0000
1495642997.1245 0.4808 -5.5183 -1.0000
1495642997.1245 0.4808 -4.5183 -1.0000
1495642997.1245 0.4808 -3.5183 -1.0000
1495642997.1245 0.4808 -2.5183 -1.0000
1495642997.1245 0.4808 -1.5183 2.0000
1495642997.1245 0.4808 -0.5183 2.0000
1495642997.1245 0.4808 2.4817 -1.0000
1495642997.1245 1.4808 -5.5183 -1.0000
1495642997.1245 1.4808 -4.5183 -1.0000
1495642997.1245 1.4808 -3.5183 -1.0000
1495642997.1245 1.4808 -2.5183 -1.0000
1495642997.1245 1.4808 -1.5183 2.0000
1495642997.1245 1.4808 0.4817 2.0000
1495642997.1245 1.4808 3.4817 2.0000
1495642997.1245 1.4808 4.4817 -1.0000
1495642997.1245 1.4808 5.4817 -1.0000
1495642997.1245 2.4808 -5.5183 -1.0000
1495642997.1245 2.4808 -4.5183 -1.0000
1495642997.1245 2.4808 -3.5183 -1.0000
1495642997.1245 2.4808 -2.5183 -1.0000
1495642997.1245 2.4808 -1.5183 2.0000
1495642997.1245 2.4808 0.4817 -1.0000
1495642997.1245 2.4808 1.4817 -1.0000
1495642997.1245 2.4808 2.4817 -1.0000
1495642997.1245 2.4808 3.4817 -1.0000
1495642997.1245 2.4808 4.4817 -1.0000
1495642997.1245 2.4808 5.4817 -1.0000
1495642997.1245 2.4808 6.4817 -1.0000
1495642997.1245 2.4808 7.4817 -1.0000
1495642997.1245 2.4808 8.4817 -1.0000
1495642997.1245 3.4808 -3.5183 2.0000
1495642997.1245 3.4808 -2.5183 -1.0000
1495642997.1245 3.4808 -1.5183 2.0000
1495642997.1245 3.4808 -0.5183 2.0000
1495642997.1245 3.4808 0.4817 -1.0000
1495642997.1245 3.4808 1.4817 -1.0000
1495642997.1245 3.4808 2.4817 -1.0000
1495642997.1245 3.4808 3.4817 -1.0000
1495642997.1245 3.4808 4.4817 -1.0000
1495642997.1245 3.4808 5.4817 -1.0000
1495642997.1245 3.4808 6.4817 -1.0000
1495642997.1245 4.4808 -2.5183 -1.0000
1495642997.1245 4.4808 -1.5183 2.0000
1495642997.1245 4.4808 0.4817 -1.0000
1495642997.1245 5.4808 -1.5183 -1.0000
1495642997.1245 5.4808 0.4817 -1.0000
1495642997.1245 6.4808 -2.5183 -1.0000
1495642997.1245 6.4808 -1.5183 -1.0000
1495642997.1245 6.4808 -0.5183 2.0000
1495642997.1245 6.4808 0.4817 -1.0000
1495642997.1245 7.4808 -1.5183 -1.0000
1495642997.1245 7.4808 -0.5183 2.0000
1495642997.1245 7.4808 1.4817 2.0000
1495642997.1245 8.4808 -1.5183 -1.0000
1495642997.1245 8.4808 -0.5183 -1.0000
1495642997.1245 8.4808 0.4817 -1.0000
1495642997.1245 9.4808 -2.5183 -1.0000
1495642997.1245 9.4808 -1.5183 -1.0000
1495642997.1245 9.4808 -0.5183 -1.0000
1495642997.1245 9.4808 0.4817 -1.0000
1495642997.1245 10.4808 -2.5183 -1.0000
1495642997.1245 10.4808 -1.5183 -1.0000
1495642997.1245 10.4808 -0.5183 -1.0000
1495642997.1245 10.4808 0.4817 -1.0000
1495642997.1245 11.4808 -2.5183 -1.0000
1495642997.1245 11.4808 -1.5183 -1.0000
1495642997.1245 11.4808 -0.5183 -1.0000
1495642997.1245 11.4808 0.4817 -1.0000
1495642997.1245 12.4808 -2.5183 -1.0000
1495642997.1245 12.4808 -1.5183 -1.0000
1495642997.1245 12.4808 -0.5183 -1.0000
1495642997.1245 12.4808 0.4817 -1.0000
1495642997.1245 13.4808 -2.5183 -1.0000
1495642997.1245 13.4808 -1.5183 -1.0000
1495642997.1245 13.4808 -0.5183 -1.0000
1495642997.1245 13.4808 0.4817 -1.0000
1495642997.1245 14.4808 -1.5183 -1.0000
1495642997.1245 14.4808 -0.5183 -1.0000
1495642997.1245 14.4808 0.4817 -1.0000
1495642997.1245 15.4808 -1.5183 -1.0000
1495642997.1245 15.4808 -0.5183 -1.0000
1495642997.1245 15.4808 0.4817 -1.0000
1495642997.1245 16.4808 -3.5183 2.0000
1495642997.1245 16.4808 -1.5183 -1.0000
1495642997.1245 16.4808 -0.5183 -1.0000
1495642997.1245 16.4808 0.4817 -1.0000
1495642997.1245 17.4808 -2.5183 -1.0000
1495642997.1245 17.4808 -1.5183 -1.0000
1495642997.1245 17.4808 -0.5183 -1.0000
1495642997.1245 17.4808 0.4817 -1.0000
1495642997.1245 18.4808 -1.5183 -1.0000
1495642997.1245 18.4808 -0.5183 -1.0000
1495642997.1245 19.4808 -2.5183 2.0000
1495642997.1245 19.4808 -1.5183 -1.0000
1495642997.1245 19.4808 -0.5183 -1.0000
1495642997.1245 20.4808 -1.5183 -1.0000
1495642997.1245 20.4808 -0.5183 -1.0000
1495642997.1245 21.4808 -1.5183 -1.0000
1495642997.1245 21.4808 -0.5183 -1.0000
1495642997.1245 22.4808 -3.5183 2.0000
1495642997.1245 22.4808 -1.5183 -1.0000
1495642997.1245 22.4808 -0.5183 -1.0000
1495646597.1245 -7.5192 -2.5183 2.0000
1495646597.1245 -7.5192 0.4817 2.0000
1495646597.1245 -7.5192 1.4817 2.0000
1495646597.1245 -6.5192 -2.5183 2.0000
1495646597.1245 -6.5192 -1.5183 2.0000
1495646597.1245 -6.5192 0.4817 2.0000
1495646597.1245 -6.5192 1.4817 2.0000
1495646597.1245 -5.5192 -1.5183 2.0000
1495646597.1245 -5.5192 -0.5183 2.0000
1495646597.1245 -5.5192 0.4817 2.0000
1495646597.1245 -4.5192 -1.5183 2.0000
1495646597.1245 -4.5192 -0.5183 2.0000
1495646597.1245 -4.5192 0.4817 2.0000
1495646597.1245 -3.5192 -2.5183 -1.0000
1495646597.1245 -3.5192 -0.5183 2.0000
1495646597.1245 -3.5192 1.4817 -1.0000
1495646597.1245 -3.5192 2.4817 -1.0000
1495646597.1245 -3.5192 3.4817 -1.0000
1495646597.1245 -3.5192 4.4817 -1.0000
1495646597.1245 -3.5192 5.4817 -1.0000
1495646597.1245 -2.5192 -2.5183 -1.0000
1495646597.1245 -2.5192 -1.5183 -1.0000
1495646597.1245 -2.5192 -0.5183 -1.0000
1495646597.1245 -2.5192 0.4817 -1.0000
1495646597.1245 -2.5192 1.4817 -1.0000
1495646597.1245 -2.5192 2.4817 -1.0000
1495646597.1245 -2.5192 3.4817 -1.0000
1495646597.1245 -2.5192 4.4817 -1.0000
1495646597.1245 -2.5192 5.4817 -1.0000
1495646597.1245 -2.5192 6.4817 -1.0000
1495646597.1245 -2.5192 7.4817 -1.0000
1495646597.1245 -1.5192 -5.5183 -1.0000
1495646597.1245 -1.5192 -3.5183 2.0000
1495646597.1245 -1.5192 -2.5183 -1.0000
1495646597.1245 -1.5192 -1.5183 -1.0000
1495646597.1245 -1.5192 -0.5183 -1.0000
1495646597.1245 -1.5192 0.4817 -1.0000
1495646597.1245 -1.5192 1.4817 -1.0000
1495646597.1245 -1.5192 2.4817 -1.0000
1495646597.1245 -1.5192 3.4817 -1.0000
1495646597.1245 -1.5192 4.4817 -1.0000
1495646597.1245 -1.5192 5.4817 -1.0000
1495646597.1245 -1.5192 6.4817 -1.0000
1495646597.1245 -1.5192 7.4817 -1.0000
1495646597.1245 -1.5192 8.4817 -1.0000
1495646597.1245 -0.5192 -5.5183 -1.0000
1495646597.1245 -0.5192 -4.5183 2.0000
1495646597.1245 -0.5192 -3.5183 2.0000
1495646597.1245 -0.5192 -2.5183 2.0000
1495646597.1245 -0.5192 -1.5183 -1.0000
1495646597.1245 -0.5192 -0.5183 -1.0000
1495646597.1245 -0.5192 0.4817 -1.0000
1495646597.1245 -0.5192 1.4817 -1.0000
1495646597.1245 -0.5192 2.4817 -1.0000
1495646597.1245 -0.5192 3.4817 -1.0000
1495646597.1245 -0.5192 4.4817 -1.0000
1495646597.1245 -0.5192 5.4817 -1.0000
1495646597.1245 -0.5192 6.4817 -1.0000
1495646597.1245 -0.5192 7.4817 -1.0000
1495646597.1245 -0.5192 8.4817 -1.0000
1495646597.1245 0.4808 -5.5183 -1.0000
1495646597.1245 0.4808 -4.5183 -1.0000
1495646597.1245 0.4808 -3.5183 -1.0000
1495646597.1245 0.4808 -2.5183 -1.0000
1495646597.1245 0.4808 -1.5183 2.0000
1495646597.1245 0.4808 -0.5183 -1.0000
1495646597.1245 0.4808 0.4817 2.0000
1495646597.1245 0.4808 1.4817 2.0000
1495646597.1245 0.4808 4.4817 2.0000
1495646597.1245 0.4808 5.4817 2.0000
1495646597.1245 0.4808 6.4817 2.0000
1495646597.1245 0.4808 7.4817 2.0000
1495646597.1245 1.4808 -5.5183 -1.0000
1495646597.1245 1.4808 -4.5183 -1.0000
1495646597.1245 1.4808 -3.5183 -1.0000
1495646597.1245 1.4808 -2.5183 -1.0000
1495646597.1245 1.4808 -1.5183 2.0000
1495646597.1245 1.4808 -0.5183 -1.0000
1495646597.1245 1.4808 0.4817 2.0000
1495646597.1245 1.4808 5.4817 2.0000
1495646597.1245 1.4808 6.4817 2.0000
1495646597.1245 1.4808 14.4817 2.0000
1495646597.1245 2.4808 -3.5183 -1.0000
1495646597.1245 2.4808 -2.5183 -1.0000
1495646597.1245 2.4808 -1.5183 2.0000
1495646597.1245 2.4808 -0.5183 -1.0000
1495646597.1245 2.4808 0.4817 -1.0000
1495646597.1245 2.4808 2.4817 -1.0000
1495646597.1245 2.4808 4.4817 -1.0000
1495646597.1245 3.4808 -4.5183 2.0000
1495646597.1245 3.4808 -3.5183 2.0000
1495646597.1245 3.4808 -2.5183 -1.0000
1495646597.1245 3.4808 -1.5183 2.0000
1495646597.1245 3.4808 -0.5183 -1.0000
1495646597.1245 3.4808 0.4817 -1.0000
1495646597.1245 4.4808 -4.5183 2.0000
1495646597.1245 4.4808 -3.5183 -1.0000
1495646597.1245 4.4808 -2.5183 -1.0000
1495646597.1245 4.4808 -1.5183 2.0000
1495646597.1245 4.4808 0.4817 -1.0000
1495646597.1245 5.4808 -4.5183 2.0000
1495646597.1245 5.4808 -3.5183 -1.0000
1495646597.1245 5.4808 -2.5183 -1.0000
1495646597.1245 5.4808 -1.5183 -1.0000
1495646597.1245 5.4808 0.4817 -1.0000
1495646597.1245 6.4808 -5.5183 2.0000
1495646597.1245 6.4808 -4.5183 2.0000
1495646597.1245 6.4808 -3.5183 -1.0000
1495646597.1245 6.4808 -2.5183 -1.0000
1495646597.1245 6.4808 -0.5183 2.0000
1495646597.1245 7.4808 -2.5183 2.0000
1495646597.1245 7.4808 -0.5183 2.0000
1495646597.1245 7.4808 0.4817 2.0000
1495646597.1245 8.4808 -1.5183 -1.0000
1495646597.1245 8.4808 -0.5183 -1.0000
1495646597.1245 8.4808 0.4817 -1.0000
1495646597.1245 8.4808 10.4817 2.0000
1495646597.1245 9.4808 -1.5183 -1.0000
1495646597.1245 9.4808 -0.5183 -1.0000
1495646597.1245 9.4808 0.4817 -1.0000
1495646597.1245 10.4808 -0.5183 -1.0000
1495646597.1245 10.4808 0.4817 -1.0000
1495646597.1245 11.4808 -2.5183 -1.0000
1495646597.1245 11.4808 -0.5183 -1.0000
1495646597.1245 11.4808 0.4817 -1.0000
1495646597.1245 12.4808 -2.5183 -1.0000
1495646597.1245 12.4808 -0.5183 -1.0000
1495646597.1245 12.4808 0.4817 -1.0000
1495646597.1245 13.4808 -2.5183 -1.0000
1495646597.1245 13.4808 -1.5183 -1.0000
1495646597.1245 13.4808 -0.5183 -1.0000
1495646597.1245 14.4808 -2.5183 2.0000
1495646597.1245 14.4808 -1.5183 -1.0000
1495646597.1245 14.4808 -0.5183 -1.0000
1495646597.1245 15.4808 -0.5183 -1.0000
1495646597.1245 16.4808 -3.5183 2.0000
1495646597.1245 16.4808 -0.5183 -1.0000
1495646597.1245 17.4808 -0.5183 -1.0000
1495646597.1245 18.4808 -0.5183 -1.0000
1495646597.1245 19.4808 -2.5183 2.0000
1495646597.1245 19.4808 -0.5183 -1.0000
1495646597.1245 20.4808 -1.5183 -1.0000
1495646597.1245 20.4808 -0.5183 -1.0000
1495646597.1245 22.4808 -1.5183 -1.0000
1495650197.1245 -3.5192 -2.5183 -1.0000
1495650197.1245 -3.5192 -1.5183 -1.0000
1495650197.1245 -3.5192 -0.5183 -1.0000
1495650197.1245 -3.5192 0.4817 -1.0000
1495650197.1245 -3.5192 1.4817 -1.0000
1495650197.1245 -3.5192 2.4817 -1.0000
1495650197.1245 -3.5192 3.4817 -1.0000
1495650197.1245 -3.5192 4.4817 -1.0000
1495650197.1245 -2.5192 -4.5183 -1.0000
1495650197.1245 -2.5192 -3.5183 -1.0000
1495650197.1245 -2.5192 -2.5183 -1.0000
1495650197.1245 -2.5192 -1.5183 -1.0000
1495650197.1245 -2.5192 -0.5183 -1.0000
1495650197.1245 -2.5192 0.4817 -1.0000
1495650197.1245 -2.5192 1.4817 -1.0000
1495650197.1245 -2.5192 2.4817 -1.0000
1495650197.1245 -2.5192 3.4817 -1.0000
1495650197.1245 -2.5192 4.4817 -1.0000
1495650197.1245 -2.5192 5.4817 -1.0000
1495650197.1245 -1.5192 -5.5183 -1.0000
1495650197.1245 -1.5192 -4.5183 -1.0000
1495650197.1245 -1.5192 -3.5183 -1.0000
1495650197.1245 -1.5192 -2.5183 -1.0000
1495650197.1245 -1.5192 -1.5183 -1.0000
1495650197.1245 -1.5192 -0.5183 -1.0000
1495650197.1245 -1.5192 0.4817 -1.0000
1495650197.1245 -1.5192 1.4817 -1.0000
1495650197.1245 -1.5192 2.4817 -1.0000
1495650197.1245 -1.5192 3.4817 -1.0000
1495650197.1245 -1.5192 4.4817 -1.0000
1495650197.1245 -1.5192 5.4817 -1.0000
1495650197.1245 -1.5192 6.4817 -1.0000
1495650197.1245 -0.5192 -4.5183 -1.0000
1495650197.1245 -0.5192 -3.5183 -1.0000
1495650197.1245 -0.5192 -2.5183 -1.0000
1495650197.1245 -0.5192 -1.5183 -1.0000
1495650197.1245 -0.5192 -0.5183 -1.0000
1495650197.1245 -0.5192 0.4817 -1.0000
1495650197.1245 -0.5192 1.4817 -1.0000
1495650197.1245 -0.5192 2.4817 -1.0000
1495650197.1245 -0.5192 3.4817 -1.0000
1495650197.1245 -0.5192 4.4817 -1.0000
1495650197.1245 -0.5192 5.4817 -1.0000
1495650197.1245 0.4808 -3.5183 -1.0000
1495650197.1245 0.4808 -2.5183 -1.0000
1495650197.1245 0.4808 -1.5183 -1.0000
1495650197.1245 0.4808 -0.5183 -1.0000
1495650197.1245 0.4808 0.4817 -1.0000
1495650197.1245 0.4808 1.4817 -1.0000
1495650197.1245 0.4808 2.4817 -1.0000
1495650197.1245 0.4808 3.4817 -1.0000
1495650197.1245 0.4808 4.4817 -1.0000
1495650197.1245 1.4808 -2.5183 -1.0000
1495650197.1245 1.4808 -1.5183 -1.0000
1495650197.1245 1.4808 -0.5183 -1.0000
1495650197.1245 2.4808 -2.5183 -1.0000
1495650197.1245 2.4808 -1.5183 -1.0000
1495650197.1245 2.4808 -0.5183 -1.0000
1495650197.1245 3.4808 -2.5183 -1.0000
1495650197.1245 3.4808 -1.5183 -1.0000
1495650197.1245 4.4808 -1.5183 -1.0000
1495650197.1245 7.4808 -1.5183 -1.0000
1495650197.1245 8.4808 -1.5183 -1.0000
1495650197.1245 9.4808 -1.5183 -1.0000
1495650197.1245 10.4808 -1.5183 -1.0000
1495650197.1245 11.4808 -1.5183 -1.0000
1495707797.1245 -7.5192 -0.5183 -1.0000
1495707797.1245 -6.5192 -3.5183 2.0000
1495707797.1245 -6.5192 -2.5183 2.0000
1495707797.1245 -6.5192 -0.5183 -1.0000
1495707797.1245 -5.5192 -2.5183 2.0000
1495707797.1245 -5.5192 -1.5183 2.0000
1495707797.1245 -5.5192 -0.5183 -1.0000
1495707797.1245 -4.5192 -1.5183 2.0000
1495707797.1245 -3.5192 -1.5183 -1.0000
1495707797.1245 -2.5192 -1.5183 -1.0000
1495707797.1245 -2.5192 0.4817 -1.0000
1495707797.1245 -0.5192 0.4817 -1.0000
1495707797.1245 -0.5192 5.4817 2.0000
1495707797.1245 0.4808 -2.5183 2.0000
1495707797.1245 0.4808 -1.5183 2.0000
1495707797.1245 0.4808 -0.5183 2.0000
1495707797.1245 0.4808 0.4817 2.0000
1495707797.1245 0.4808 1.4817 2.0000
1495707797.1245 0.4808 2.4817 2.0000
1495707797.1245 0.4808 3.4817 2.0000
1495707797.1245 0.4808 4.4817 2.0000
1495707797.1245 0.4808 5.4817 2.0000
1495707797.1245 0.4808 6.4817 2.0000
1495707797.1245 0.4808 8.4817 2.0000
1495707797.1245 0.4808 9.4817 2.0000
1495707797.1245 0.4808 10.4817 2.0000
1495707797.1245 0.4808 11.4817 2.0000
1495707797.1245 0.4808 12.4817 2.0000
1495707797.1245 0.4808 13.4817 2.0000
1495707797.1245 1.4808 -1.5183 2.0000
1495707797.1245 1.4808 -0.5183 2.0000
1495707797.1245 1.4808 0.4817 2.0000
1495707797.1245 1.4808 1.4817 2.0000
1495707797.1245 1.4808 10.4817 2.0000
1495707797.1245 1.4808 11.4817 2.0000
1495707797.1245 2.4808 -1.5183 2.0000
1495707797.1245 2.4808 -0.5183 2.0000
1495707797.1245 3.4808 -3.5183 2.0000
1495707797.1245 3.4808 -2.5183 2.0000
1495707797.1245 3.4808 -1.5183 2.0000
1495707797.1245 3.4808 -0.5183 2.0000
1495707797.1245 3.4808 0.4817 -1.0000
1495707797.1245 4.4808 -4.5183 2.0000
1495707797.1245 4.4808 -3.5183 2.0000
1495707797.1245 4.4808 -2.5183 -1.0000
1495707797.1245 4.4808 -0.5183 2.0000
1495707797.1245 5.4808 -4.5183 2.0000
1495707797.1245 5.4808 -2.5183 -1.0000
1495707797.1245 5.4808 -1.5183 -1.0000
1495707797.1245 5.4808 0.4817 -1.0000
1495707797.1245 6.4808 -2.5183 -1.0000
1495707797.1245 6.4808 -1.5183 -1.0000
1495707797.1245 6.4808 -0.5183 2.0000
1495707797.1245 6.4808 0.4817 2.0000
1495707797.1245 7.4808 -2.5183 -1.0000
1495707797.1245 7.4808 -0.5183 2.0000
1495707797.1245 7.4808 0.4817 2.0000
1495707797.1245 7.4808 1.4817 2.0000
1495707797.1245 8.4808 -1.5183 -1.0000
1495707797.1245 8.4808 -0.5183 -1.0000
1495707797.1245 8.4808 0.4817 -1.0000
1495707797.1245 9.4808 -1.5183 -1.0000
1495707797.1245 9.4808 0.4817 -1.0000
1495707797.1245 10.4808 -2.5183 -1.0000
1495707797.1245 10.4808 -1.5183 -1.0000
1495707797.1245 10.4808 0.4817 -1.0000
1495707797.1245 11.4808 -2.5183 -1.0000
1495707797.1245 11.4808 -1.5183 -1.0000
1495707797.1245 11.4808 0.4817 -1.0000
1495707797.1245 12.4808 -1.5183 -1.0000
1495707797.1245 12.4808 0.4817 -1.0000
1495707797.1245 13.4808 -1.5183 -1.0000
1495707797.1245 14.4808 -1.5183 -1.0000
1495707797.1245 15.4808 -1.5183 -1.0000
1495707797.1245 16.4808 -1.5183 -1.0000
1495707797.1245 17.4808 -1.5183 -1.0000
1495707797.1245 18.4808 -1.5183 -1.0000
1495707797.1245 19.4808 -1.5183 2.0000
1495707797.1245 21.4808 -2.5183 2.0000
1495711397.1245 -7.5192 -1.5183 -1.0000
1495711397.1245 -7.5192 -0.5183 -1.0000
1495711397.1245 -7.5192 0.4817 -1.0000
1495711397.1245 -6.5192 -2.5183 2.0000
1495711397.1245 -6.5192 -1.5183 -1.0000
1495711397.1245 -6.5192 -0.5183 -1.0000
1495711397.1245 -5.5192 -2.5183 2.0000
1495711397.1245 -5.5192 -1.5183 2.0000
1495711397.1245 -5.5192 -0.5183 -1.0000
1495711397.1245 -5.5192 1.4817 2.0000
1495711397.1245 -4.5192 -2.5183 -1.0000
1495711397.1245 -4.5192 0.4817 -1.0000
1495711397.1245 -3.5192 -2.5183 -1.0000
1495711397.1245 -3.5192 -1.5183 -1.0000
1495711397.1245 -3.5192 0.4817 -1.0000
1495711397.1245 -2.5192 -2.5183 -1.0000
1495711397.1245 -2.5192 -1.5183 -1.0000
1495711397.1245 -2.5192 0.4817 -1.0000
1495711397.1245 -1.5192 -4.5183 2.0000
1495711397.1245 -1.5192 -3.5183 2.0000
1495711397.1245 -1.5192 -1.5183 -1.0000
1495711397.1245 -1.5192 0.4817 -1.0000
1495711397.1245 -1.5192 1.4817 -1.0000
1495711397.1245 -0.5192 0.4817 -1.0000
1495711397.1245 -0.5192 3.4817 -1.0000
1495711397.1245 -0.5192 4.4817 -1.0000
1495711397.1245 -0.5192 5.4817 -1.0000
1495711397.1245 -0.5192 6.4817 -1.0000
1495711397.1245 0.4808 -1.5183 2.0000
1495711397.1245 0.4808 -0.5183 2.0000
1495711397.1245 0.4808 0.4817 2.0000
1495711397.1245 0.4808 1.4817 2.0000
1495711397.1245 0.4808 2.4817 2.0000
1495711397.1245 0.4808 3.4817 2.0000
1495711397.1245 0.4808 4.4817 2.0000
1495711397.1245 0.4808 5.4817 2.0000
1495711397.1245 0.4808 6.4817 2.0000
1495711397.1245 0.4808 7.4817 2.0000
1495711397.1245 0.4808 8.4817 2.0000
1495711397.1245 0.4808 9.4817 2.0000
1495711397.1245 0.4808 10.4817 2.0000
1495711397.1245 0.4808 11.4817 2.0000
1495711397.1245 0.4808 12.4817 2.0000
1495711397.1245 0.4808 13.4817 2.0000
1495711397.1245 0.4808 14.4817 2.0000
1495711397.1245 0.4808 15.4817 2.0000
1495711397.1245 1.4808 -3.5183 -1.0000
1495711397.1245 1.4808 -2.5183 -1.0000
1495711397.1245 1.4808 -1.5183 2.0000
1495711397.1245 1.4808 -0.5183 2.0000
1495711397.1245 1.4808 0.4817 2.0000
1495711397.1245 1.4808 3.4817 -1.0000
1495711397.1245 2.4808 -1.5183 2.0000
1495711397.1245 2.4808 -0.5183 2.0000
1495711397.1245 2.4808 1.4817 -1.0000
1495711397.1245 2.4808 2.4817 -1.0000
1495711397.1245 2.4808 4.4817 -1.0000
1495711397.1245 2.4808 5.4817 -1.0000
1495711397.1245 2.4808 6.4817 -1.0000
1495711397.1245 2.4808 7.4817 -1.0000
1495711397.1245 3.4808 -3.5183 2.0000
1495711397.1245 3.4808 -2.5183 -1.0000
1495711397.1245 3.4808 -1.5183 2.0000
1495711397.1245 3.4808 -0.5183 2.0000
1495711397.1245 3.4808 0.4817 -1.0000
1495711397.1245 3.4808 1.4817 -1.0000
1495711397.1245 3.4808 2.4817 -1.0000
1495711397.1245 3.4808 3.4817 -1.0000
1495711397.1245 3.4808 4.4817 -1.0000
1495711397.1245 3.4808 5.4817 -1.0000
1495711397.1245 4.4808 -2.5183 -1.0000
1495711397.1245 4.4808 -1.5183 -1.0000
1495711397.1245 4.4808 -0.5183 2.0000
1495711397.1245 4.4808 0.4817 -1.0000
1495711397.1245 5.4808 -2.5183 -1.0000
1495711397.1245 5.4808 -1.5183 -1.0000
1495711397.1245 5.4808 -0.5183 2.0000
1495711397.1245 5.4808 0.4817 -1.0000
1495711397.1245 6.4808 -4.5183 2.0000
1495711397.1245 6.4808 -2.5183 -1.0000
1495711397.1245 6.4808 -1.5183 -1.0000
1495711397.1245 6.4808 -0.5183 2.0000
1495711397.1245 6.4808 0.4817 -1.0000
1495711397.1245 7.4808 -1.5183 2.0000
1495711397.1245 7.4808 -0.5183 2.0000
1495711397.1245 7.4808 0.4817 2.0000
1495711397.1245 8.4808 -3.5183 2.0000
1495711397.1245 8.4808 -2.5183 2.0000
1495711397.1245 8.4808 -1.5183 -1.0000
1495711397.1245 8.4808 -0.5183 -1.0000
1495711397.1245 8.4808 0.4817 -1.0000
1495711397.1245 9.4808 -2.5183 -1.0000
1495711397.1245 9.4808 -1.5183 -1.0000
1495711397.1245 9.4808 -0.5183 -1.0000
1495711397.1245 9.4808 0.4817 -1.0000
1495711397.1245 10.4808 -2.5183 -1.0000
1495711397.1245 10.4808 -1.5183 -1.0000
1495711397.1245 10.4808 0.4817 -1.0000
1495711397.1245 11.4808 -2.5183 -1.0000
1495711397.1245 11.4808 -1.5183 -1.0000
1495711397.1245 11.4808 -0.5183 -1.0000
1495711397.1245 11.4808 0.4817 -1.0000
1495711397.1245 12.4808 -2.5183 -1.0000
1495711397.1245 12.4808 -1.5183 -1.0000
1495711397.1245 12.4808 -0.5183 -1.0000
1495711397.1245 12.4808 0.4817 -1.0000
1495711397.1245 13.4808 -2.5183 -1.0000
1495711397.1245 13.4808 -1.5183 -1.0000
1495711397.1245 13.4808 0.4817 -1.0000
1495711397.1245 14.4808 -2.5183 -1.0000
1495711397.1245 14.4808 -1.5183 -1.0000
1495711397.1245 14.4808 0.4817 -1.0000
1495711397.1245 15.4808 -1.5183 -1.0000
1495711397.1245 16.4808 -2.5183 -1.0000
1495711397.1245 16.4808 -1.5183 -1.0000
1495711397.1245 16.4808 0.4817 -1.0000
1495711397.1245 17.4808 -1.5183 -1.0000
1495711397.1245 17.4808 0.4817 -1.0000
1495711397.1245 19.4808 -1.5183 2.0000
1495711397.1245 20.4808 -1.5183 -1.0000
1495711397.1245 20.4808 -0.5183 -1.0000
1495711397.1245 20.4808 0.4817 2.0000
1495711397.1245 21.4808 -1.5183 -1.0000
1495711397.1245 21.4808 -0.5183 -1.0000
1495711397.1245 21.4808 0.4817 2.0000
1495714997.1245 -7.5192 -2.5183 -1.0000
1495714997.1245 -7.5192 -1.5183 -1.0000
1495714997.1245 -7.5192 -0.5183 -1.0000
1495714997.1245 -7.5192 0.4817 -1.0000
1495714997.1245 -7.5192 1.4817 2.0000
1495714997.1245 -6.5192 -2.5183 2.0000
1495714997.1245 -6.5192 -1.5183 -1.0000
1495714997.1245 -6.5192 -0.5183 -1.0000
1495714997.1245 -5.5192 -3.5183 2.0000
1495714997.1245 -5.5192 -2.5183 2.0000
1495714997.1245 -5.5192 -1.5183 2.0000
1495714997.1245 -5.5192 0.4817 2.0000
1495714997.1245 -4.5192 -1.5183 2.0000
1495714997.1245 -4.5192 0.4817 -1.0000
1495714997.1245 -3.5192 -2.5183 -1.0000
1495714997.1245 -3.5192 -1.5183 2.0000
1495714997.1245 -3.5192 -0.5183 2.0000
1495714997.1245 -3.5192 0.4817 -1.0000
1495714997.1245 -2.5192 -2.5183 -1.0000
1495714997.1245 -2.5192 0.4817 -1.0000
1495714997.1245 -1.5192 -3.5183 2.0000
1495714997.1245 -1.5192 -2.5183 -1.0000
1495714997.1245 -1.5192 -1.5183 -1.0000
1495714997.1245 -1.5192 0.4817 -1.0000
1495714997.1245 -1.5192 1.4817 -1.0000
1495714997.1245 -1.5192 2.4817 -1.0000
1495714997.1245 -1.5192 3.4817 -1.0000
1495714997.1245 -1.5192 4.4817 -1.0000
1495714997.1245 -1.5192 5.4817 -1.0000
1495714997.1245 -1.5192 6.4817 -1.0000
1495714997.1245 -0.5192 0.4817 -1.0000
1495714997.1245 -0.5192 1.4817 -1.0000
1495714997.1245 -0.5192 2.4817 -1.0000
1495714997.1245 -0.5192 3.4817 -1.0000
1495714997.1245 -0.5192 4.4817 -1.0000
1495714997.1245 -0.5192 5.4817 -1.0000
1495714997.1245 -0.5192 7.4817 -1.0000
1495714997.1245 -0.5192 8.4817 -1.0000
1495714997.1245 0.4808 -4.5183 -1.0000
1495714997.1245 0.4808 -3.5183 -1.0000
1495714997.1245 0.4808 -2.5183 -1.0000
1495714997.1245 0.4808 -1.5183 2.0000
1495714997.1245 0.4808 -0.5183 2.0000
1495714997.1245 0.4808 0.4817 2.0000
1495714997.1245 0.4808 1.4817 2.0000
1495714997.1245 0.4808 11.4817 2.0000
1495714997.1245 0.4808 15.4817 2.0000
1495714997.1245 1.4808 -4.5183 -1.0000
1495714997.1245 1.4808 -3.5183 -1.0000
1495714997.1245 1.4808 -2.5183 -1.0000
1495714997.1245 1.4808 -1.5183 2.0000
1495714997.1245 1.4808 -0.5183 2.0000
1495714997.1245 1.4808 0.4817 2.0000
1495714997.1245 1.4808 3.4817 2.0000
1495714997.1245 1.4808 4.4817 -1.0000
1495714997.1245 1.4808 5.4817 -1.0000
1495714997.1245 1.4808 6.4817 -1.0000
1495714997.1245 1.4808 7.4817 -1.0000
1495714997.1245 1.4808 8.4817 -1.0000
1495714997.1245 1.4808 10.4817 -1.0000
1495714997.1245 2.4808 -4.5183 -1.0000
1495714997.1245 2.4808 -3.5183 -1.0000
1495714997.1245 2.4808 -1.5183 2.0000
1495714997.1245 2.4808 -0.5183 2.0000
1495714997.1245 2.4808 1.4817 -1.0000
1495714997.1245 2.4808 2.4817 -1.0000
1495714997.1245 2.4808 3.4817 -1.0000
1495714997.1245 2.4808 4.4817 -1.0000
1495714997.1245 2.4808 5.4817 -1.0000
1495714997.1245 2.4808 6.4817 -1.0000
1495714997.1245 2.4808 7.4817 -1.0000
1495714997.1245 2.4808 8.4817 -1.0000
1495714997.1245 2.4808 9.4817 -1.0000
1495714997.1245 3.4808 -3.5183 2.0000
1495714997.1245 3.4808 -1.5183 -1.0000
1495714997.1245 3.4808 -0.5183 2.0000
1495714997.1245 3.4808 0.4817 -1.0000
1495714997.1245 3.4808 1.4817 -1.0000
1495714997.1245 3.4808 2.4817 -1.0000
1495714997.1245 3.4808 3.4817 -1.0000
1495714997.1245 3.4808 4.4817 -1.0000
1495714997.1245 3.4808 5.4817 -1.0000
1495714997.1245 3.4808 6.4817 -1.0000
1495714997.1245 3.4808 7.4817 -1.0000
1495714997.1245 3.4808 8.4817 -1.0000
1495714997.1245 4.4808 -4.5183 2.0000
1495714997.1245 4.4808 -3.5183 2.0000
1495714997.1245 4.4808 -2.5183 -1.0000
1495714997.1245 4.4808 -1.5183 -1.0000
1495714997.1245 4.4808 0.4817 -1.0000
1495714997.1245 4.4808 1.4817 -1.0000
1495714997.1245 4.4808 2.4817 -1.0000
1495714997.1245 4.4808 3.4817 -1.0000
1495714997.1245 4.4808 4.4817 -1.0000
1495714997.1245 4.4808 5.4817 -1.0000
1495714997.1245 4.4808 6.4817 -1.0000
1495714997.1245 5.4808 -2.5183 -1.0000
1495714997.1245 5.4808 -1.5183 -1.0000
1495714997.1245 5.4808 0.4817 -1.0000
1495714997.1245 6.4808 -4.5183 2.0000
1495714997.1245 6.4808 -2.5183 -1.0000
1495714997.1245 6.4808 -1.5183 -1.0000
1495714997.1245 6.4808 -0.5183 2.0000
1495714997.1245 6.4808 0.4817 -1.0000
1495714997.1245 7.4808 -2.5183 -1.0000
1495714997.1245 7.4808 -0.5183 2.0000
1495714997.1245 7.4808 0.4817 2.0000
1495714997.1245 8.4808 -2.5183 2.0000
1495714997.1245 8.4808 -1.5183 -1.0000
1495714997.1245 8.4808 -0.5183 -1.0000
1495714997.1245 8.4808 0.4817 -1.0000
1495714997.1245 9.4808 -1.5183 -1.0000
1495714997.1245 9.4808 -0.5183 -1.0000
1495714997.1245 9.4808 0.4817 -1.0000
1495714997.1245 10.4808 -2.5183 -1.0000
1495714997.1245 10.4808 -1.5183 -1.0000
1495714997.1245 10.4808 -0.5183 -1.0000
1495714997.1245 10.4808 0.4817 -1.0000
1495714997.1245 11.4808 -2.5183 -1.0000
1495714997.1245 11.4808 -1.5183 -1.0000
1495714997.1245 11.4808 -0.5183 -1.0000
1495714997.1245 11.4808 0.4817 -1.0000
1495714997.1245 12.4808 -2.5183 -1.0000
1495714997.1245 12.4808 -1.5183 -1.0000
1495714997.1245 12.4808 -0.5183 -1.0000
1495714997.1245 12.4808 0.4817 -1.0000
1495714997.1245 13.4808 -2.5183 -1.0000
1495714997.1245 13.4808 -1.5183 -1.0000
1495714997.1245 13.4808 -0.5183 -1.0000
1495714997.1245 13.4808 0.4817 -1.0000
1495714997.1245 14.4808 -2.5183 -1.0000
1495714997.1245 14.4808 -1.5183 -1.0000
1495714997.1245 14.4808 -0.5183 -1.0000
1495714997.1245 14.4808 0.4817 -1.0000
1495714997.1245 15.4808 -2.5183 -1.0000
1495714997.1245 15.4808 -1.5183 -1.0000
1495714997.1245 15.4808 -0.5183 -1.0000
1495714997.1245 15.4808 0.4817 -1.0000
1495714997.1245 16.4808 -1.5183 -1.0000
1495714997.1245 16.4808 -0.5183 -1.0000
1495714997.1245 16.4808 0.4817 -1.0000
1495714997.1245 17.4808 -2.5183 -1.0000
1495714997.1245 17.4808 -1.5183 -1.0000
1495714997.1245 17.4808 -0.5183 -1.0000
1495714997.1245 17.4808 0.4817 -1.0000
1495714997.1245 18.4808 -1.5183 -1.0000
1495714997.1245 18.4808 -0.5183 -1.0000
1495714997.1245 19.4808 -1.5183 2.0000
1495714997.1245 19.4808 -0.5183 -1.0000
1495714997.1245 20.4808 -1.5183 -1.0000
1495714997.1245 20.4808 -0.5183 -1.0000
1495714997.1245 21.4808 -1.5183 -1.0000
1495714997.1245 21.4808 -0.5183 -1.0000
1495714997.1245 22.4808 -1.5183 -1.0000
1495714997.1245 22.4808 -0.5183 -1.0000
1495718597.1245 -7.5192 -3.5183 2.0000
1495718597.1245 -7.5192 -1.5183 -1.0000
1495718597.1245 -7.5192 -0.5183 -1.0000
1495718597.1245 -7.5192 0.4817 -1.0000
1495718597.1245 -6.5192 -3.5183 2.0000
1495718597.1245 -6.5192 -1.5183 -1.0000
1495718597.1245 -6.5192 -0.5183 -1.0000
1495718597.1245 -6.5192 0.4817 -1.0000
1495718597.1245 -5.5192 -3.5183 2.0000
1495718597.1245 -5.5192 -2.5183 2.0000
1495718597.1245 -5.5192 -0.5183 2.0000
1495718597.1245 -5.5192 0.4817 -1.0000
1495718597.1245 -4.5192 -0.5183 2.0000
1495718597.1245 -4.5192 0.4817 -1.0000
1495718597.1245 -3.5192 -2.5183 -1.0000
1495718597.1245 -3.5192 -1.5183 -1.0000
1495718597.1245 -3.5192 0.4817 -1.0000
1495718597.1245 -2.5192 -2.5183 -1.0000
1495718597.1245 -2.5192 -1.5183 -1.0000
1495718597.1245 -2.5192 -0.5183 -1.0000
1495718597.1245 -2.5192 0.4817 -1.0000
1495718597.1245 -1.5192 -2.5183 -1.0000
1495718597.1245 -1.5192 -1.5183 -1.0000
1495718597.1245 -1.5192 0.4817 -1.0000
1495718597.1245 -1.5192 1.4817 -1.0000
1495718597.1245 -1.5192 2.4817 -1.0000
1495718597.1245 -1.5192 4.4817 -1.0000
1495718597.1245 -1.5192 5.4817 -1.0000
1495718597.1245 -1.5192 6.4817 -1.0000
1495718597.1245 -0.5192 -2.5183 -1.0000
1495718597.1245 -0.5192 -1.5183 -1.0000
1495718597.1245 -0.5192 -0.5183 -1.0000
1495718597.1245 -0.5192 0.4817 -1.0000
1495718597.1245 -0.5192 1.4817 -1.0000
1495718597.1245 -0.5192 3.4817 -1.0000
1495718597.1245 -0.5192 4.4817 -1.0000
1495718597.1245 -0.5192 5.4817 -1.0000
1495718597.1245 -0.5192 6.4817 -1.0000
1495718597.1245 -0.5192 7.4817 -1.0000
1495718597.1245 -0.5192 8.4817 -1.0000
1495718597.1245 -0.5192 14.4817 2.0000
1495718597.1245 0.4808 -4.5183 -1.0000
1495718597.1245 0.4808 -3.5183 -1.0000
1495718597.1245 0.4808 -2.5183 -1.0000
1495718597.1245 0.4808 -1.5183 2.0000
1495718597.1245 0.4808 -0.5183 2.0000
1495718597.1245 0.4808 0.4817 2.0000
1495718597.1245 0.4808 1.4817 2.0000
1495718597.1245 0.4808 2.4817 2.0000
1495718597.1245 0.4808 3.4817 2.0000
1495718597.1245 0.4808 4.4817 2.0000
1495718597.1245 0.4808 5.4817 2.0000
1495718597.1245 0.4808 6.4817 2.0000
1495718597.1245 0.4808 7.4817 2.0000
1495718597.1245 0.4808 8.4817 2.0000
1495718597.1245 0.4808 9.4817 2.0000
1495718597.1245 0.4808 10.4817 2.0000
1495718597.1245 0.4808 11.4817 2.0000
1495718597.1245 0.4808 12.4817 2.0000
1495718597.1245 0.4808 13.4817 2.0000
1495718597.1245 0.4808 14.4817 2.0000
1495718597.1245 0.4808 15.4817 2.0000
1495718597.1245 1.4808 -5.5183 -1.0000
1495718597.1245 1.4808 -4.5183 -1.0000
1495718597.1245 1.4808 -3.5183 -1.0000
1495718597.1245 1.4808 -2.5183 -1.0000
1495718597.1245 1.4808 -1.5183 2.0000
1495718597.1245 1.4808 -0.5183 2.0000
1495718597.1245 1.4808 0.4817 -1.0000
1495718597.1245 1.4808 1.4817 -1.0000
1495718597.1245 1.4808 3.4817 2.0000
1495718597.1245 1.4808 4.4817 -1.0000
1495718597.1245 1.4808 5.4817 -1.0000
1495718597.1245 1.4808 6.4817 -1.0000
1495718597.1245 1.4808 7.4817 -1.0000
1495718597.1245 1.4808 8.4817 -1.0000
1495718597.1245 1.4808 10.4817 -1.0000
1495718597.1245 2.4808 -5.5183 -1.0000
1495718597.1245 2.4808 -4.5183 -1.0000
1495718597.1245 2.4808 -3.5183 -1.0000
1495718597.1245 2.4808 -2.5183 -1.0000
1495718597.1245 2.4808 -1.5183 2.0000
1495718597.1245 2.4808 0.4817 -1.0000
1495718597.1245 2.4808 1.4817 -1.0000
1495718597.1245 2.4808 2.4817 -1.0000
1495718597.1245 2.4808 3.4817 -1.0000
1495718597.1245 2.4808 4.4817 -1.0000
1495718597.1245 2.4808 5.4817 -1.0000
1495718597.1245 2.4808 6.4817 -1.0000
1495718597.1245 2.4808 7.4817 -1.0000
1495718597.1245 2.4808 8.4817 -1.0000
1495718597.1245 2.4808 9.4817 -1.0000
1495718597.1245 2.4808 10.4817 -1.0000
1495718597.1245 3.4808 -4.5183 -1.0000
1495718597.1245 3.4808 0.4817 -1.0000
1495718597.1245 3.4808 1.4817 -1.0000
1495718597.1245 3.4808 2.4817 -1.0000
1495718597.1245 3.4808 3.4817 -1.0000
1495718597.1245 3.4808 4.4817 -1.0000
1495718597.1245 3.4808 5.4817 -1.0000
1495718597.1245 3.4808 6.4817 -1.0000
1495718597.1245 3.4808 7.4817 -1.0000
1495718597.1245 3.4808 8.4817 -1.0000
1495718597.1245 3.4808 9.4817 -1.0000
1495718597.1245 4.4808 -2.5183 -1.0000
1495718597.1245 4.4808 -1.5183 2.0000
1495718597.1245 4.4808 0.4817 -1.0000
1495718597.1245 4.4808 1.4817 -1.0000
1495718597.1245 4.4808 2.4817 -1.0000
1495718597.1245 4.4808 3.4817 -1.0000
1495718597.1245 4.4808 4.4817 -1.0000
1495718597.1245 4.4808 5.4817 -1.0000
1495718597.1245 4.4808 6.4817 -1.0000
1495718597.1245 4.4808 7.4817 -1.0000
1495718597.1245 5.4808 -2.5183 -1.0000
1495718597.1245 5.4808 -1.5183 -1.0000
1495718597.1245 5.4808 0.4817 -1.0000
1495718597.1245 5.4808 1.4817 -1.0000
1495718597.1245 6.4808 -2.5183 -1.0000
1495718597.1245 6.4808 -1.5183 -1.0000
1495718597.1245 6.4808 0.4817 -1.0000
1495718597.1245 7.4808 -2.5183 -1.0000
1495718597.1245 7.4808 -1.5183 -1.0000
1495718597.1245 7.4808 -0.5183 2.0000
1495718597.1245 7.4808 0.4817 2.0000
1495718597.1245 8.4808 -1.5183 -1.0000
1495718597.1245 8.4808 -0.5183 -1.0000
1495718597.1245 8.4808 0.4817 -1.0000
1495718597.1245 9.4808 -2.5183 -1.0000
1495718597.1245 9.4808 -1.5183 -1.0000
1495718597.1245 9.4808 -0.5183 -1.0000
1495718597.1245 9.4808 0.4817 -1.0000
1495718597.1245 10.4808 -2.5183 -1.0000
1495718597.1245 10.4808 -1.5183 -1.0000
1495718597.1245 10.4808 -0.5183 -1.0000
1495718597.1245 10.4808 0.4817 -1.0000
1495718597.1245 11.4808 -2.5183 -1.0000
1495718597.1245 11.4808 -1.5183 -1.0000
1495718597.1245 11.4808 -0.5183 -1.0000
1495718597.1245 11.4808 0.4817 -1.0000
1495718597.1245 12.4808 -2.5183 -1.0000
1495718597.1245 12.4808 -1.5183 -1.0000
1495718597.1245 12.4808 -0.5183 -1.0000
1495718597.1245 12.4808 0.4817 -1.0000
1495718597.1245 13.4808 -2.5183 -1.0000
1495718597.1245 13.4808 -1.5183 -1.0000
1495718597.1245 13.4808 -0.5183 -1.0000
1495718597.1245 13.4808 0.4817 -1.0000
1495718597.1245 14.4808 -2.5183 -1.0000
1495718597.1245 14.4808 -1.5183 -1.0000
1495718597.1245 14.4808 -0.5183 -1.0000
1495718597.1245 14.4808 0.4817 -1.0000
1495718597.1245 15.4808 -1.5183 -1.0000
1495718597.1245 15.4808 -0.5183 -1.0000
1495718597.1245 15.4808 0.4817 -1.0000
1495718597.1245 16.4808 -1.5183 -1.0000
1495718597.1245 16.4808 -0.5183 -1.0000
1495718597.1245 16.4808 0.4817 -1.0000
1495718597.1245 17.4808 -1.5183 -1.0000
1495718597.1245 17.4808 -0.5183 -1.0000
1495718597.1245 17.4808 0.4817 -1.0000
1495718597.1245 18.4808 -2.5183 -1.0000
1495718597.1245 18.4808 -1.5183 -1.0000
1495718597.1245 18.4808 -0.5183 -1.0000
1495718597.1245 19.4808 -1.5183 2.0000
1495718597.1245 19.4808 -0.5183 -1.0000
1495718597.1245 20.4808 -1.5183 -1.0000
1495718597.1245 20.4808 -0.5183 -1.0000
1495718597.1245 21.4808 -1.5183 -1.0000
1495718597.1245 21.4808 -0.5183 -1.0000
1495718597.1245 22.4808 -1.5183 -1.0000
1495718597.1245 22.4808 -0.5183 -1.0000
1495722197.1245 -7.5192 -2.5183 -1.0000
1495722197.1245 -7.5192 -1.5183 -1.0000
1495722197.1245 -7.5192 -0.5183 -1.0000
1495722197.1245 -7.5192 0.4817 -1.0000
1495722197.1245 -6.5192 -2.5183 -1.0000
1495722197.1245 -6.5192 -1.5183 -1.0000
1495722197.1245 -6.5192 -0.5183 -1.0000
1495722197.1245 -6.5192 0.4817 -1.0000
1495722197.1245 -5.5192 -2.5183 2.0000
1495722197.1245 -5.5192 -1.5183 -1.0000
1495722197.1245 -5.5192 -0.5183 -1.0000
1495722197.1245 -5.5192 0.4817 -1.0000
1495722197.1245 -4.5192 -2.5183 -1.0000
1495722197.1245 -4.5192 -1.5183 -1.0000
1495722197.1245 -4.5192 -0.5183 -1.0000
1495722197.1245 -4.5192 0.4817 -1.0000
1495722197.1245 -3.5192 -2.5183 -1.0000
1495722197.1245 -3.5192 -1.5183 -1.0000
1495722197.1245 -3.5192 -0.5183 -1.0000
1495722197.1245 -3.5192 0.4817 -1.0000
1495722197.1245 -2.5192 -2.5183 -1.0000
1495722197.1245 -2.5192 -1.5183 -1.0000
1495722197.1245 -2.5192 -0.5183 -1.0000
1495722197.1245 -2.5192 0.4817 -1.0000
1495722197.1245 -1.5192 -2.5183 -1.0000
1495722197.1245 -1.5192 -1.5183 -1.0000
1495722197.1245 -1.5192 -0.5183 -1.0000
1495722197.1245 -1.5192 0.4817 -1.0000
1495722197.1245 -1.5192 1.4817 -1.0000
1495722197.1245 -1.5192 2.4817 -1.0000
1495722197.1245 -1.5192 3.4817 -1.0000
1495722197.1245 -1.5192 4.4817 -1.0000
1495722197.1245 -1.5192 5.4817 -1.0000
1495722197.1245 -1.5192 6.4817 -1.0000
1495722197.1245 -0.5192 -4.5183 -1.0000
1495722197.1245 -0.5192 -2.5183 -1.0000
1495722197.1245 -0.5192 -1.5183 -1.0000
1495722197.1245 -0.5192 -0.5183 -1.0000
1495722197.1245 -0.5192 0.4817 -1.0000
1495722197.1245 -0.5192 1.4817 -1.0000
1495722197.1245 -0.5192 2.4817 -1.0000
1495722197.1245 -0.5192 3.4817 -1.0000
1495722197.1245 -0.5192 4.4817 -1.0000
1495722197.1245 -0.5192 5.4817 -1.0000
1495722197.1245 -0.5192 6.4817 -1.0000
1495722197.1245 0.4808 -5.5183 -1.0000
1495722197.1245 0.4808 -4.5183 -1.0000
1495722197.1245 0.4808 -3.5183 -1.0000
1495722197.1245 0.4808 -2.5183 -1.0000
1495722197.1245 0.4808 -1.5183 -1.0000
1495722197.1245 0.4808 0.4817 -1.0000
1495722197.1245 0.4808 1.4817 2.0000
1495722197.1245 0.4808 10.4817 2.0000
1495722197.1245 0.4808 11.4817 2.0000
1495722197.1245 0.4808 12.4817 2.0000
1495722197.1245 0.4808 13.4817 2.0000
1495722197.1245 0.4808 14.4817 2.0000
1495722197.1245 0.4808 15.4817 2.0000
1495722197.1245 1.4808 -5.5183 -1.0000
1495722197.1245 1.4808 -4.5183 -1.0000
1495722197.1245 1.4808 -3.5183 -1.0000
1495722197.1245 1.4808 -2.5183 -1.0000
1495722197.1245 1.4808 -1.5183 -1.0000
1495722197.1245 1.4808 -0.5183 2.0000
1495722197.1245 1.4808 0.4817 2.0000
1495722197.1245 1.4808 2.4817 -1.0000
1495722197.1245 1.4808 3.4817 -1.0000
1495722197.1245 1.4808 4.4817 -1.0000
1495722197.1245 1.4808 5.4817 -1.0000
1495722197.1245 1.4808 6.4817 -1.0000
1495722197.1245 1.4808 7.4817 -1.0000
1495722197.1245 1.4808 8.4817 -1.0000
1495722197.1245 1.4808 9.4817 -1.0000
1495722197.1245 2.4808 -5.5183 -1.0000
1495722197.1245 2.4808 -4.5183 -1.0000
1495722197.1245 2.4808 -3.5183 -1.0000
1495722197.1245 2.4808 -2.5183 -1.0000
1495722197.1245 2.4808 -1.5183 2.0000
1495722197.1245 2.4808 0.4817 -1.0000
1495722197.1245 2.4808 1.4817 -1.0000
1495722197.1245 2.4808 2.4817 -1.0000
1495722197.1245 2.4808 3.4817 -1.0000
1495722197.1245 2.4808 4.4817 -1.0000
1495722197.1245 2.4808 5.4817 -1.0000
1495722197.1245 2.4808 6.4817 -1.0000
1495722197.1245 2.4808 7.4817 -1.0000
1495722197.1245 2.4808 8.4817 -1.0000
1495722197.1245 2.4808 9.4817 -1.0000
1495722197.1245 3.4808 -4.5183 -1.0000
1495722197.1245 3.4808 -1.5183 2.0000
1495722197.1245 3.4808 -0.5183 2.0000
1495722197.1245 3.4808 0.4817 -1.0000
1495722197.1245 3.4808 1.4817 -1.0000
1495722197.1245 3.4808 2.4817 -1.0000
1495722197.1245 3.4808 3.4817 -1.0000
1495722197.1245 3.4808 4.4817 -1.0000
1495722197.1245 3.4808 5.4817 -1.0000
1495722197.1245 3.4808 6.4817 -1.0000
1495722197.1245 3.4808 7.4817 -1.0000
1495722197.1245 3.4808 8.4817 -1.0000
1495722197.1245 4.4808 -2.5183 -1.0000
1495722197.1245 4.4808 -1.5183 -1.0000
1495722197.1245 4.4808 0.4817 -1.0000
1495722197.1245 4.4808 1.4817 -1.0000
1495722197.1245 4.4808 2.4817 -1.0000
1495722197.1245 4.4808 3.4817 -1.0000
1495722197.1245 4.4808 4.4817 -1.0000
1495722197.1245 4.4808 5.4817 -1.0000
1495722197.1245 4.4808 6.4817 -1.0000
1495722197.1245 5.4808 -2.5183 -1.0000
1495722197.1245 5.4808 -1.5183 -1.0000
1495722197.1245 5.4808 -0.5183 2.0000
1495722197.1245 5.4808 0.4817 -1.0000
1495722197.1245 6.4808 -2.5183 -1.0000
1495722197.1245 6.4808 -1.5183 -1.0000
1495722197.1245 6.4808 -0.5183 2.0000
1495722197.1245 7.4808 -2.5183 -1.0000
1495722197.1245 7.4808 0.4817 2.0000
1495722197.1245 8.4808 -1.5183 -1.0000
1495722197.1245 8.4808 -0.5183 -1.0000
1495722197.1245 8.4808 0.4817 -1.0000
1495722197.1245 9.4808 -2.5183 -1.0000
1495722197.1245 9.4808 -1.5183 -1.0000
1495722197.1245 9.4808 -0.5183 -1.0000
1495722197.1245 9.4808 0.4817 -1.0000
1495722197.1245 10.4808 -2.5183 -1.0000
1495722197.1245 10.4808 -1.5183 -1.0000
1495722197.1245 10.4808 -0.5183 -1.0000
1495722197.1245 10.4808 0.4817 -1.0000
1495722197.1245 11.4808 -2.5183 -1.0000
1495722197.1245 11.4808 -1.5183 -1.0000
1495722197.1245 11.4808 -0.5183 -1.0000
1495722197.1245 11.4808 0.4817 -1.0000
1495722197.1245 11.4808 1.4817 2.0000
1495722197.1245 12.4808 -2.5183 -1.0000
1495722197.1245 12.4808 -1.5183 -1.0000
1495722197.1245 12.4808 -0.5183 -1.0000
1495722197.1245 12.4808 0.4817 -1.0000
1495722197.1245 13.4808 -2.5183 -1.0000
1495722197.1245 13.4808 -1.5183 -1.0000
1495722197.1245 13.4808 -0.5183 -1.0000
1495722197.1245 13.4808 0.4817 -1.0000
1495722197.1245 14.4808 -2.5183 -1.0000
1495722197.1245 14.4808 -1.5183 -1.0000
1495722197.1245 14.4808 -0.5183 -1.0000
1495722197.1245 14.4808 0.4817 -1.0000
1495722197.1245 14.4808 1.4817 2.0000
1495722197.1245 14.4808 2.4817 2.0000
1495722197.1245 15.4808 -2.5183 -1.0000
1495722197.1245 15.4808 -1.5183 -1.0000
1495722197.1245 15.4808 -0.5183 -1.0000
1495722197.1245 15.4808 0.4817 -1.0000
1495722197.1245 16.4808 -4.5183 2.0000
1495722197.1245 16.4808 -1.5183 -1.0000
1495722197.1245 16.4808 -0.5183 -1.0000
1495722197.1245 16.4808 0.4817 -1.0000
1495722197.1245 17.4808 -2.5183 -1.0000
1495722197.1245 17.4808 -1.5183 -1.0000
1495722197.1245 17.4808 0.4817 -1.0000
1495722197.1245 18.4808 -2.5183 -1.0000
1495722197.1245 18.4808 -1.5183 -1.0000
1495722197.1245 18.4808 0.4817 -1.0000
1495722197.1245 19.4808 -2.5183 -1.0000
1495722197.1245 19.4808 -1.5183 2.0000
1495722197.1245 20.4808 -1.5183 -1.0000
1495722197.1245 20.4808 -0.5183 -1.0000
1495722197.1245 21.4808 -1.5183 -1.0000
1495722197.1245 21.4808 -0.5183 -1.0000
1495722197.1245 22.4808 -1.5183 -1.0000
1495722197.1245 22.4808 -0.5183 -1.0000
1495725797.1245 -7.5192 -1.5183 -1.0000
1495725797.1245 -7.5192 -0.5183 -1.0000
1495725797.1245 -7.5192 1.4817 2.0000
1495725797.1245 -6.5192 -0.5183 -1.0000
1495725797.1245 -5.5192 -1.5183 2.0000
1495725797.1245 -5.5192 -0.5183 -1.0000
1495725797.1245 -5.5192 1.4817 2.0000
1495725797.1245 -4.5192 -2.5183 -1.0000
1495725797.1245 -4.5192 -0.5183 -1.0000
1495725797.1245 -4.5192 0.4817 -1.0000
1495725797.1245 -3.5192 -2.5183 -1.0000
1495725797.1245 -3.5192 -1.5183 -1.0000
1495725797.1245 -3.5192 -0.5183 -1.0000
1495725797.1245 -3.5192 0.4817 -1.0000
1495725797.1245 -2.5192 -2.5183 -1.0000
1495725797.1245 -2.5192 -1.5183 -1.0000
1495725797.1245 -2.5192 -0.5183 -1.0000
1495725797.1245 -2.5192 0.4817 -1.0000
1495725797.1245 -2.5192 1.4817 -1.0000
1495725797.1245 -2.5192 2.4817 -1.0000
1495725797.1245 -2.5192 3.4817 -1.0000
1495725797.1245 -2.5192 4.4817 -1.0000
1495725797.1245 -1.5192 -2.5183 -1.0000
1495725797.1245 -1.5192 -1.5183 -1.0000
1495725797.1245 -1.5192 -0.5183 -1.0000
1495725797.1245 -1.5192 0.4817 -1.0000
1495725797.1245 -1.5192 1.4817 -1.0000
1495725797.1245 -1.5192 2.4817 -1.0000
1495725797.1245 -1.5192 3.4817 -1.0000
1495725797.1245 -1.5192 4.4817 -1.0000
1495725797.1245 -1.5192 5.4817 -1.0000
1495725797.1245 -1.5192 7.4817 -1.0000
1495725797.1245 -0.5192 -5.5183 -1.0000
1495725797.1245 -0.5192 -4.5183 -1.0000
1495725797.1245 -0.5192 -2.5183 -1.0000
1495725797.1245 -0.5192 -1.5183 -1.0000
1495725797.1245 -0.5192 -0.5183 -1.0000
1495725797.1245 -0.5192 0.4817 -1.0000
1495725797.1245 -0.5192 1.4817 -1.0000
1495725797.1245 -0.5192 2.4817 -1.0000
1495725797.1245 -0.5192 3.4817 -1.0000
1495725797.1245 -0.5192 4.4817 -1.0000
1495725797.1245 -0.5192 5.4817 -1.0000
1495725797.1245 -0.5192 6.4817 -1.0000
1495725797.1245 -0.5192 7.4817 -1.0000
1495725797.1245 -0.5192 8.4817 -1.0000
1495725797.1245 -0.5192 9.4817 -1.0000
1495725797.1245 0.4808 -5.5183 -1.0000
1495725797.1245 0.4808 -4.5183 -1.0000
1495725797.1245 0.4808 -3.5183 -1.0000
1495725797.1245 0.4808 -2.5183 -1.0000
1495725797.1245 0.4808 0.4817 2.0000
1495725797.1245 0.4808 1.4817 2.0000
1495725797.1245 0.4808 2.4817 2.0000
1495725797.1245 0.4808 3.4817 2.0000
1495725797.1245 0.4808 4.4817 2.0000
1495725797.1245 0.4808 5.4817 2.0000
1495725797.1245 0.4808 6.4817 2.0000
1495725797.1245 0.4808 7.4817 2.0000
1495725797.1245 0.4808 8.4817 2.0000
1495725797.1245 0.4808 9.4817 2.0000
1495725797.1245 0.4808 10.4817 2.0000
1495725797.1245 0.4808 11.4817 2.0000
1495725797.1245 0.4808 12.4817 2.0000
1495725797.1245 0.4808 13.4817 2.0000
1495725797.1245 0.4808 14.4817 2.0000
1495725797.1245 0.4808 15.4817 2.0000
1495725797.1245 1.4808 -5.5183 -1.0000
1495725797.1245 1.4808 -4.5183 -1.0000
1495725797.1245 1.4808 -3.5183 -1.0000
1495725797.1245 1.4808 -2.5183 -1.0000
1495725797.1245 1.4808 -1.5183 2.0000
1495725797.1245 1.4808 2.4817 -1.0000
1495725797.1245 1.4808 3.4817 2.0000
1495725797.1245 1.4808 4.4817 -1.0000
1495725797.1245 1.4808 5.4817 -1.0000
1495725797.1245 1.4808 6.4817 -1.0000
1495725797.1245 1.4808 7.4817 -1.0000
1495725797.1245 1.4808 8.4817 -1.0000
1495725797.1245 1.4808 9.4817 -1.0000
1495725797.1245 2.4808 -5.5183 -1.0000
1495725797.1245 2.4808 -4.5183 -1.0000
1495725797.1245 2.4808 -3.5183 -1.0000
1495725797.1245 2.4808 -2.5183 -1.0000
1495725797.1245 2.4808 -1.5183 2.0000
1495725797.1245 2.4808 0.4817 -1.0000
1495725797.1245 2.4808 1.4817 -1.0000
1495725797.1245 2.4808 2.4817 -1.0000
1495725797.1245 2.4808 3.4817 -1.0000
1495725797.1245 2.4808 4.4817 -1.0000
1495725797.1245 2.4808 5.4817 -1.0000
1495725797.1245 2.4808 6.4817 -1.0000
1495725797.1245 2.4808 7.4817 -1.0000
1495725797.1245 2.4808 8.4817 -1.0000
1495725797.1245 3.4808 -4.5183 -1.0000
1495725797.1245 3.4808 -3.5183 2.0000
1495725797.1245 3.4808 -1.5183 2.0000
1495725797.1245 3.4808 0.4817 -1.0000
1495725797.1245 3.4808 1.4817 -1.0000
1495725797.1245 3.4808 2.4817 -1.0000
1495725797.1245 3.4808 3.4817 -1.0000
1495725797.1245 3.4808 4.4817 -1.0000
1495725797.1245 3.4808 5.4817 -1.0000
1495725797.1245 3.4808 6.4817 -1.0000
1495725797.1245 3.4808 7.4817 -1.0000
1495725797.1245 4.4808 -3.5183 2.0000
1495725797.1245 4.4808 -2.5183 -1.0000
1495725797.1245 4.4808 -1.5183 2.0000
1495725797.1245 4.4808 0.4817 -1.0000
1495725797.1245 4.4808 1.4817 -1.0000
1495725797.1245 4.4808 2.4817 -1.0000
1495725797.1245 4.4808 3.4817 -1.0000
1495725797.1245 4.4808 4.4817 -1.0000
1495725797.1245 5.4808 -2.5183 -1.0000
1495725797.1245 5.4808 -1.5183 -1.0000
1495725797.1245 5.4808 0.4817 -1.0000
1495725797.1245 6.4808 -4.5183 2.0000
1495725797.1245 6.4808 -2.5183 -1.0000
1495725797.1245 6.4808 -1.5183 -1.0000
1495725797.1245 6.4808 0.4817 -1.0000
1495725797.1245 7.4808 -2.5183 -1.0000
1495725797.1245 7.4808 -1.5183 -1.0000
1495725797.1245 7.4808 -0.5183 2.0000
1495725797.1245 7.4808 0.4817 -1.0000
1495725797.1245 8.4808 -5.5183 2.0000
1495725797.1245 8.4808 -1.5183 -1.0000
1495725797.1245 8.4808 -0.5183 -1.0000
1495725797.1245 8.4808 0.4817 -1.0000
1495725797.1245 9.4808 -2.5183 -1.0000
1495725797.1245 9.4808 -1.5183 -1.0000
1495725797.1245 9.4808 -0.5183 -1.0000
1495725797.1245 9.4808 0.4817 -1.0000
1495725797.1245 10.4808 -2.5183 -1.0000
1495725797.1245 10.4808 -1.5183 -1.0000
1495725797.1245 10.4808 -0.5183 -1.0000
1495725797.1245 10.4808 0.4817 -1.0000
1495725797.1245 11.4808 -2.5183 -1.0000
1495725797.1245 11.4808 -1.5183 -1.0000
1495725797.1245 11.4808 -0.5183 -1.0000
1495725797.1245 11.4808 0.4817 -1.0000
1495725797.1245 12.4808 -2.5183 -1.0000
1495725797.1245 12.4808 -1.5183 -1.0000
1495725797.1245 12.4808 0.4817 -1.0000
1495725797.1245 13.4808 -4.5183 2.0000
1495725797.1245 13.4808 -2.5183 -1.0000
1495725797.1245 13.4808 -1.5183 -1.0000
1495725797.1245 13.4808 -0.5183 -1.0000
1495725797.1245 13.4808 0.4817 -1.0000
1495725797.1245 14.4808 -2.5183 -1.0000
1495725797.1245 14.4808 -1.5183 -1.0000
1495725797.1245 14.4808 0.4817 -1.0000
1495725797.1245 15.4808 -2.5183 -1.0000
1495725797.1245 16.4808 -2.5183 -1.0000
1495725797.1245 16.4808 -1.5183 -1.0000
1495725797.1245 16.4808 -0.5183 -1.0000
1495725797.1245 16.4808 0.4817 -1.0000
1495725797.1245 17.4808 -2.5183 -1.0000
1495725797.1245 17.4808 -1.5183 -1.0000
1495725797.1245 17.4808 -0.5183 -1.0000
1495725797.1245 17.4808 0.4817 -1.0000
1495725797.1245 18.4808 -2.5183 -1.0000
1495725797.1245 18.4808 -1.5183 -1.0000
1495725797.1245 18.4808 -0.5183 -1.0000
1495725797.1245 18.4808 0.4817 -1.0000
1495725797.1245 19.4808 -2.5183 -1.0000
1495725797.1245 19.4808 -1.5183 2.0000
1495725797.1245 19.4808 -0.5183 -1.0000
1495725797.1245 19.4808 0.4817 -1.0000
1495725797.1245 20.4808 -2.5183 -1.0000
1495725797.1245 20.4808 -1.5183 -1.0000
1495725797.1245 20.4808 -0.5183 -1.0000
1495725797.1245 21.4808 -1.5183 -1.0000
1495725797.1245 21.4808 -0.5183 -1.0000
1495725797.1245 22.4808 -1.5183 -1.0000
1495725797.1245 22.4808 -0.5183 -1.0000
1495729397.1245 -7.5192 -3.5183 2.0000
1495729397.1245 -7.5192 -1.5183 -1.0000
1495729397.1245 -7.5192 -0.5183 -1.0000
1495729397.1245 -7.5192 1.4817 2.0000
1495729397.1245 -6.5192 -3.5183 2.0000
1495729397.1245 -6.5192 -0.5183 -1.0000
1495729397.1245 -6.5192 0.4817 2.0000
1495729397.1245 -5.5192 -3.5183 2.0000
1495729397.1245 -5.5192 -2.5183 2.0000
1495729397.1245 -5.5192 -1.5183 2.0000
1495729397.1245 -5.5192 0.4817 2.0000
1495729397.1245 -4.5192 -1.5183 2.0000
1495729397.1245 -4.5192 -0.5183 2.0000
1495729397.1245 -3.5192 -2.5183 -1.0000
1495729397.1245 -3.5192 -1.5183 -1.0000
1495729397.1245 -3.5192 -0.5183 2.0000
1495729397.1245 -3.5192 0.4817 -1.0000
1495729397.1245 -3.5192 1.4817 -1.0000
1495729397.1245 -2.5192 -2.5183 -1.0000
1495729397.1245 -2.5192 -1.5183 -1.0000
1495729397.1245 -2.5192 0.4817 -1.0000
1495729397.1245 -2.5192 1.4817 -1.0000
1495729397.1245 -2.5192 2.4817 -1.0000
1495729397.1245 -2.5192 3.4817 -1.0000
1495729397.1245 -2.5192 4.4817 -1.0000
1495729397.1245 -2.5192 5.4817 -1.0000
1495729397.1245 -2.5192 6.4817 -1.0000
1495729397.1245 -1.5192 -5.5183 -1.0000
1495729397.1245 -1.5192 -4.5183 -1.0000
1495729397.1245 -1.5192 -2.5183 -1.0000
1495729397.1245 -1.5192 -1.5183 -1.0000
1495729397.1245 -1.5192 0.4817 -1.0000
1495729397.1245 -1.5192 1.4817 -1.0000
1495729397.1245 -1.5192 2.4817 -1.0000
1495729397.1245 -1.5192 3.4817 -1.0000
1495729397.1245 -1.5192 4.4817 -1.0000
1495729397.1245 -1.5192 5.4817 -1.0000
1495729397.1245 -1.5192 6.4817 -1.0000
1495729397.1245 -1.5192 7.4817 -1.0000
1495729397.1245 -1.5192 8.4817 -1.0000
1495729397.1245 -0.5192 -5.5183 -1.0000
1495729397.1245 -0.5192 -4.5183 2.0000
1495729397.1245 -0.5192 -3.5183 2.0000
1495729397.1245 -0.5192 -2.5183 2.0000
1495729397.1245 -0.5192 -1.5183 2.0000
1495729397.1245 -0.5192 -0.5183 2.0000
1495729397.1245 -0.5192 0.4817 -1.0000
1495729397.1245 -0.5192 1.4817 -1.0000
1495729397.1245 -0.5192 2.4817 -1.0000
1495729397.1245 -0.5192 3.4817 -1.0000
1495729397.1245 -0.5192 4.4817 -1.0000
1495729397.1245 -0.5192 5.4817 -1.0000
1495729397.1245 -0.5192 6.4817 -1.0000
1495729397.1245 -0.5192 7.4817 -1.0000
1495729397.1245 -0.5192 8.4817 -1.0000
1495729397.1245 0.4808 -5.5183 -1.0000
1495729397.1245 0.4808 -4.5183 2.0000
1495729397.1245 0.4808 -2.5183 2.0000
1495729397.1245 0.4808 -1.5183 2.0000
1495729397.1245 0.4808 -0.5183 2.0000
1495729397.1245 0.4808 0.4817 2.0000
1495729397.1245 0.4808 1.4817 2.0000
1495729397.1245 0.4808 2.4817 2.0000
1495729397.1245 0.4808 3.4817 2.0000
1495729397.1245 0.4808 4.4817 2.0000
1495729397.1245 0.4808 5.4817 2.0000
1495729397.1245 0.4808 6.4817 2.0000
1495729397.1245 0.4808 9.4817 2.0000
1495729397.1245 0.4808 10.4817 2.0000
1495729397.1245 0.4808 12.4817 2.0000
1495729397.1245 0.4808 13.4817 2.0000
1495729397.1245 0.4808 14.4817 2.0000
1495729397.1245 0.4808 15.4817 2.0000
1495729397.1245 1.4808 -5.5183 -1.0000
1495729397.1245 1.4808 -4.5183 -1.0000
1495729397.1245 1.4808 -3.5183 -1.0000
1495729397.1245 1.4808 -2.5183 -1.0000
1495729397.1245 1.4808 -1.5183 2.0000
1495729397.1245 1.4808 -0.5183 2.0000
1495729397.1245 1.4808 0.4817 2.0000
1495729397.1245 1.4808 2.4817 2.0000
1495729397.1245 1.4808 3.4817 -1.0000
1495729397.1245 1.4808 5.4817 -1.0000
1495729397.1245 1.4808 6.4817 -1.0000
1495729397.1245 1.4808 7.4817 -1.0000
1495729397.1245 1.4808 8.4817 -1.0000
1495729397.1245 2.4808 -5.5183 -1.0000
1495729397.1245 2.4808 -4.5183 -1.0000
1495729397.1245 2.4808 -1.5183 2.0000
1495729397.1245 2.4808 -0.5183 2.0000
1495729397.1245 2.4808 0.4817 -1.0000
1495729397.1245 2.4808 1.4817 -1.0000
1495729397.1245 2.4808 2.4817 -1.0000
1495729397.1245 2.4808 3.4817 -1.0000
1495729397.1245 2.4808 4.4817 -1.0000
1495729397.1245 2.4808 5.4817 -1.0000
1495729397.1245 2.4808 6.4817 -1.0000
1495729397.1245 2.4808 7.4817 -1.0000
1495729397.1245 3.4808 -3.5183 2.0000
1495729397.1245 3.4808 -2.5183 2.0000
1495729397.1245 3.4808 -1.5183 2.0000
1495729397.1245 3.4808 -0.5183 2.0000
1495729397.1245 3.4808 0.4817 -1.0000
1495729397.1245 3.4808 1.4817 -1.0000
1495729397.1245 3.4808 2.4817 -1.0000
1495729397.1245 3.4808 3.4817 -1.0000
1495729397.1245 3.4808 4.4817 -1.0000
1495729397.1245 3.4808 5.4817 -1.0000
1495729397.1245 4.4808 -3.5183 2.0000
1495729397.1245 4.4808 -2.5183 -1.0000
1495729397.1245 4.4808 -1.5183 2.0000
1495729397.1245 4.4808 -0.5183 2.0000
1495729397.1245 4.4808 0.4817 -1.0000
1495729397.1245 5.4808 -4.5183 2.0000
1495729397.1245 5.4808 -2.5183 -1.0000
1495729397.1245 5.4808 -1.5183 -1.0000
1495729397.1245 5.4808 0.4817 -1.0000
1495729397.1245 6.4808 -2.5183 -1.0000
1495729397.1245 6.4808 -1.5183 -1.0000
1495729397.1245 6.4808 0.4817 -1.0000
1495729397.1245 7.4808 -2.5183 -1.0000
1495729397.1245 7.4808 -1.5183 2.0000
1495729397.1245 7.4808 0.4817 2.0000
1495729397.1245 8.4808 -1.5183 -1.0000
1495729397.1245 8.4808 0.4817 -1.0000
1495729397.1245 9.4808 -2.5183 -1.0000
1495729397.1245 9.4808 -1.5183 -1.0000
1495729397.1245 9.4808 0.4817 -1.0000
1495729397.1245 10.4808 -2.5183 -1.0000
1495729397.1245 10.4808 -1.5183 -1.0000
1495729397.1245 10.4808 -0.5183 -1.0000
1495729397.1245 10.4808 0.4817 -1.0000
1495729397.1245 11.4808 -2.5183 -1.0000
1495729397.1245 11.4808 -1.5183 -1.0000
1495729397.1245 11.4808 -0.5183 -1.0000
1495729397.1245 11.4808 0.4817 -1.0000
1495729397.1245 12.4808 -2.5183 -1.0000
1495729397.1245 12.4808 -1.5183 -1.0000
1495729397.1245 12.4808 -0.5183 -1.0000
1495729397.1245 12.4808 0.4817 -1.0000
1495729397.1245 13.4808 -2.5183 -1.0000
1495729397.1245 13.4808 -1.5183 -1.0000
1495729397.1245 13.4808 -0.5183 -1.0000
1495729397.1245 13.4808 0.4817 -1.0000
1495729397.1245 14.4808 -2.5183 -1.0000
1495729397.1245 14.4808 -1.5183 -1.0000
1495729397.1245 14.4808 -0.5183 -1.0000
1495729397.1245 14.4808 0.4817 -1.0000
1495729397.1245 15.4808 -2.5183 -1.0000
1495729397.1245 15.4808 -1.5183 -1.0000
1495729397.1245 15.4808 -0.5183 -1.0000
1495729397.1245 15.4808 0.4817 -1.0000
1495729397.1245 16.4808 -2.5183 -1.0000
1495729397.1245 16.4808 -1.5183 -1.0000
1495729397.1245 16.4808 -0.5183 -1.0000
1495729397.1245 16.4808 0.4817 -1.0000
1495729397.1245 17.4808 -2.5183 -1.0000
1495729397.1245 17.4808 -1.5183 -1.0000
1495729397.1245 17.4808 -0.5183 -1.0000
1495729397.1245 17.4808 0.4817 -1.0000
1495729397.1245 18.4808 -2.5183 -1.0000
1495729397.1245 18.4808 -1.5183 -1.0000
1495729397.1245 18.4808 -0.5183 -1.0000
1495729397.1245 18.4808 0.4817 -1.0000
1495729397.1245 19.4808 -2.5183 -1.0000
1495729397.1245 19.4808 -1.5183 2.0000
1495729397.1245 19.4808 -0.5183 -1.0000
1495729397.1245 20.4808 -2.5183 -1.0000
1495729397.1245 20.4808 -1.5183 -1.0000
1495729397.1245 20.4808 -0.5183 -1.0000
1495729397.1245 21.4808 -2.5183 -1.0000
1495729397.1245 21.4808 -1.5183 -1.0000
1495729397.1245 21.4808 -0.5183 -1.0000
1495729397.1245 22.4808 -2.5183 -1.0000
1495729397.1245 22.4808 -1.5183 -1.0000
1495729397.1245 22.4808 -0.5183 -1.0000
1495732997.1245 -7.5192 -3.5183 2.0000
1495732997.1245 -7.5192 0.4817 2.0000
1495732997.1245 -7.5192 1.4817 2.0000
1495732997.1245 -6.5192 -3.5183 2.0000
1495732997.1245 -6.5192 -2.5183 2.0000
1495732997.1245 -6.5192 0.4817 2.0000
1495732997.1245 -5.5192 -1.5183 2.0000
1495732997.1245 -5.5192 -0.5183 2.0000
1495732997.1245 -5.5192 0.4817 2.0000
1495732997.1245 -5.5192 2.4817 2.0000
1495732997.1245 -4.5192 -2.5183 -1.0000
1495732997.1245 -4.5192 -0.5183 2.0000
1495732997.1245 -3.5192 -3.5183 -1.0000
1495732997.1245 -3.5192 -2.5183 -1.0000
1495732997.1245 -3.5192 -1.5183 -1.0000
1495732997.1245 -3.5192 -0.5183 2.0000
1495732997.1245 -3.5192 0.4817 -1.0000
1495732997.1245 -3.5192 1.4817 -1.0000
1495732997.1245 -3.5192 2.4817 -1.0000
1495732997.1245 -3.5192 3.4817 -1.0000
1495732997.1245 -3.5192 4.4817 -1.0000
1495732997.1245 -3.5192 5.4817 -1.0000
1495732997.1245 -2.5192 -3.5183 -1.0000
1495732997.1245 -2.5192 -2.5183 -1.0000
1495732997.1245 -2.5192 -1.5183 -1.0000
1495732997.1245 -2.5192 -0.5183 -1.0000
1495732997.1245 -2.5192 0.4817 -1.0000
1495732997.1245 -2.5192 1.4817 -1.0000
1495732997.1245 -2.5192 2.4817 -1.0000
1495732997.1245 -2.5192 3.4817 -1.0000
1495732997.1245 -2.5192 4.4817 -1.0000
1495732997.1245 -2.5192 5.4817 -1.0000
1495732997.1245 -2.5192 6.4817 -1.0000
1495732997.1245 -2.5192 7.4817 -1.0000
1495732997.1245 -1.5192 -2.5183 -1.0000
1495732997.1245 -1.5192 -1.5183 -1.0000
1495732997.1245 -1.5192 -0.5183 -1.0000
1495732997.1245 -1.5192 0.4817 -1.0000
1495732997.1245 -1.5192 1.4817 -1.0000
1495732997.1245 -1.5192 2.4817 -1.0000
1495732997.1245 -1.5192 3.4817 -1.0000
1495732997.1245 -1.5192 4.4817 -1.0000
1495732997.1245 -1.5192 5.4817 -1.0000
1495732997.1245 -1.5192 6.4817 -1.0000
1495732997.1245 -1.5192 7.4817 -1.0000
1495732997.1245 -1.5192 8.4817 -1.0000
1495732997.1245 -0.5192 -5.5183 -1.0000
1495732997.1245 -0.5192 -4.5183 -1.0000
1495732997.1245 -0.5192 -3.5183 2.0000
1495732997.1245 -0.5192 -2.5183 -1.0000
1495732997.1245 -0.5192 -1.5183 -1.0000
1495732997.1245 -0.5192 -0.5183 -1.0000
1495732997.1245 -0.5192 0.4817 -1.0000
1495732997.1245 -0.5192 1.4817 -1.0000
1495732997.1245 -0.5192 2.4817 -1.0000
1495732997.1245 -0.5192 3.4817 -1.0000
1495732997.1245 -0.5192 4.4817 -1.0000
1495732997.1245 -0.5192 5.4817 -1.0000
1495732997.1245 -0.5192 6.4817 -1.0000
1495732997.1245 -0.5192 7.4817 -1.0000
1495732997.1245 -0.5192 8.4817 -1.0000
1495732997.1245 0.4808 -5.5183 -1.0000
1495732997.1245 0.4808 -4.5183 -1.0000
1495732997.1245 0.4808 -3.5183 -1.0000
1495732997.1245 0.4808 -2.5183 -1.0000
1495732997.1245 0.4808 -1.5183 -1.0000
1495732997.1245 0.4808 -0.5183 -1.0000
1495732997.1245 0.4808 0.4817 -1.0000
1495732997.1245 0.4808 2.4817 -1.0000
1495732997.1245 0.4808 3.4817 -1.0000
1495732997.1245 0.4808 4.4817 -1.0000
1495732997.1245 0.4808 5.4817 -1.0000
1495732997.1245 0.4808 6.4817 -1.0000
1495732997.1245 0.4808 8.4817 -1.0000
1495732997.1245 0.4808 12.4817 2.0000
1495732997.1245 0.4808 13.4817 2.0000
1495732997.1245 0.4808 14.4817 2.0000
1495732997.1245 1.4808 -5.5183 -1.0000
1495732997.1245 1.4808 -3.5183 -1.0000
1495732997.1245 1.4808 -2.5183 -1.0000
1495732997.1245 1.4808 -1.5183 -1.0000
1495732997.1245 1.4808 -0.5183 -1.0000
1495732997.1245 1.4808 0.4817 2.0000
1495732997.1245 1.4808 1.4817 -1.0000
1495732997.1245 1.4808 2.4817 -1.0000
1495732997.1245 1.4808 3.4817 -1.0000
1495732997.1245 1.4808 4.4817 -1.0000
1495732997.1245 1.4808 5.4817 2.0000
1495732997.1245 1.4808 6.4817 -1.0000
1495732997.1245 2.4808 -3.5183 -1.0000
1495732997.1245 2.4808 -2.5183 -1.0000
1495732997.1245 2.4808 -1.5183 2.0000
1495732997.1245 2.4808 -0.5183 -1.0000
1495732997.1245 2.4808 0.4817 -1.0000
1495732997.1245 2.4808 1.4817 -1.0000
1495732997.1245 2.4808 2.4817 -1.0000
1495732997.1245 2.4808 3.4817 -1.0000
1495732997.1245 2.4808 4.4817 -1.0000
1495732997.1245 3.4808 -3.5183 -1.0000
1495732997.1245 3.4808 -2.5183 -1.0000
1495732997.1245 3.4808 -1.5183 -1.0000
1495732997.1245 3.4808 -0.5183 -1.0000
1495732997.1245 4.4808 -4.5183 2.0000
1495732997.1245 4.4808 -3.5183 -1.0000
1495732997.1245 4.4808 -2.5183 -1.0000
1495732997.1245 4.4808 -1.5183 -1.0000
1495732997.1245 5.4808 -3.5183 -1.0000
1495732997.1245 5.4808 -2.5183 -1.0000
1495732997.1245 5.4808 -1.5183 -1.0000
1495732997.1245 5.4808 -0.5183 2.0000
1495732997.1245 6.4808 -4.5183 2.0000
1495732997.1245 6.4808 -3.5183 -1.0000
1495732997.1245 6.4808 -2.5183 -1.0000
1495732997.1245 6.4808 -1.5183 -1.0000
1495732997.1245 7.4808 -4.5183 2.0000
1495732997.1245 7.4808 -2.5183 -1.0000
1495732997.1245 7.4808 0.4817 2.0000
1495732997.1245 8.4808 0.4817 -1.0000
1495732997.1245 9.4808 -2.5183 -1.0000
1495732997.1245 9.4808 -1.5183 -1.0000
1495732997.1245 9.4808 0.4817 -1.0000
1495732997.1245 10.4808 -2.5183 -1.0000
1495732997.1245 10.4808 -1.5183 -1.0000
1495732997.1245 10.4808 -0.5183 -1.0000
1495732997.1245 10.4808 0.4817 -1.0000
1495732997.1245 11.4808 -2.5183 -1.0000
1495732997.1245 11.4808 -1.5183 -1.0000
1495732997.1245 11.4808 -0.5183 -1.0000
1495732997.1245 12.4808 -2.5183 -1.0000
1495732997.1245 12.4808 -1.5183 -1.0000
1495732997.1245 12.4808 -0.5183 -1.0000
1495732997.1245 13.4808 -2.5183 -1.0000
1495732997.1245 13.4808 -1.5183 -1.0000
1495732997.1245 13.4808 -0.5183 -1.0000
1495732997.1245 14.4808 -2.5183 -1.0000
1495732997.1245 14.4808 -1.5183 -1.0000
1495732997.1245 14.4808 -0.5183 -1.0000
1495732997.1245 15.4808 -2.5183 -1.0000
1495732997.1245 15.4808 -1.5183 -1.0000
1495732997.1245 15.4808 -0.5183 -1.0000
1495732997.1245 16.4808 -1.5183 -1.0000
1495732997.1245 16.4808 -0.5183 -1.0000
1495732997.1245 17.4808 -3.5183 2.0000
1495732997.1245 17.4808 -2.5183 -1.0000
1495732997.1245 17.4808 -1.5183 -1.0000
1495732997.1245 17.4808 -0.5183 -1.0000
1495732997.1245 18.4808 -2.5183 -1.0000
1495732997.1245 18.4808 -1.5183 -1.0000
1495732997.1245 18.4808 -0.5183 -1.0000
1495732997.1245 19.4808 -2.5183 -1.0000
1495732997.1245 19.4808 -1.5183 2.0000
1495732997.1245 19.4808 -0.5183 -1.0000
1495732997.1245 20.4808 -2.5183 -1.0000
1495732997.1245 20.4808 -1.5183 -1.0000
1495732997.1245 20.4808 -0.5183 -1.0000
1495732997.1245 21.4808 -1.5183 -1.0000
1495732997.1245 21.4808 -0.5183 -1.0000
1495732997.1245 22.4808 -1.5183 -1.0000
1495732997.1245 22.4808 -0.5183 -1.0000
